173 173 2 3 4 623 2
153 153 2 3 4 667 2
34 34 1 1 2 875 1
152 152 2 3 4 662 2
86 86 1 2 1 665 1
129 129 2 3 4 803 2
83 83 1 2 2 734 1
103 103 2 3 4 749 1
138 138 2 3 4 699 2
66 66 1 2 3 665 1
36 36 1 1 1 764 1
87 87 1 2 2 790 1
155 155 2 3 4 935 1
142 142 2 3 4 784 1
78 78 1 2 1 589 1
117 117 2 3 4 850 2
161 161 2 3 4 858 1
35 35 1 1 3 709 1
137 137 2 3 4 842 2
24 24 1 1 2 1147 1
9 9 1 1 3 1049 2
11 11 1 1 3 788 1
16 16 1 1 3 650 1
146 146 2 3 4 1010 1
101 101 2 3 4 661 2
15 15 1 1 1 870 1
94 94 2 3 4 785 1
141 141 2 3 4 998 2
150 150 2 3 4 979 2
23 23 1 1 2 806 1
102 102 2 3 4 650 2
53 53 1 2 3 845 1
136 136 2 3 4 1500 3
114 114 2 3 4 639 2
54 54 1 2 2 429 2
84 84 1 2 2 706 1
62 62 1 2 2 741 1
8 8 1 1 2 801 1
76 76 1 2 1 655 1
107 107 2 3 4 697 2
48 48 1 2 3 688 1
59 59 1 2 3 522 2
27 27 1 1 3 660 2
126 126 2 3 4 521 2
37 37 1 1 1 573 1
43 43 1 1 3 762 1
168 168 2 3 4 522 1
139 139 2 3 4 679 2
6 6 1 1 2 565 1
85 85 1 2 3 696 2
174 174 2 3 4 459 2
179 179 2 3 4 590 2
31 31 1 1 3 606 1
17 17 1 1 3 394 2
96 96 2 3 4 656 2
99 99 2 3 4 650 2
93 93 2 3 4 670 2
171 171 2 3 4 357 1
105 105 2 3 4 630 2
116 116 2 3 4 638 2
118 118 2 3 4 674 2
28 28 1 1 2 391 2
95 95 2 3 4 550 2
127 127 2 3 4 514 1
160 160 2 3 4 426 2
162 162 2 3 4 559 2
91 91 2 3 4 510 2
77 77 1 2 1 542 1
69 69 1 2 3 683 1
132 132 2 3 4 775 2
167 167 2 3 4 462 1
19 19 1 1 3 445 1
33 33 1 1 2 523 2
122 122 2 3 4 504 2
57 57 1 2 1 616 1
92 92 2 3 4 465 1
165 165 2 3 4 344 2
26 26 1 1 1 553 1
72 72 1 2 1 637 1
164 164 2 3 4 590 1
149 149 2 3 4 663 1
104 104 2 3 4 524 2
75 75 1 2 2 613 1
39 39 1 1 1 666 1
71 71 1 2 1 509 2
176 176 2 3 4 402 2
151 151 2 3 4 546 2
140 140 2 3 4 502 2
145 145 2 3 4 625 2
79 79 1 2 3 602 1
81 81 1 2 1 504 2
50 50 1 2 2 595 1
80 80 1 2 3 660 2
56 56 1 2 3 593 1
42 42 1 1 3 603 1
128 128 2 3 4 547 2
46 46 1 2 3 848 2
119 119 2 3 4 608 2
40 40 1 1 3 888 2
64 64 1 2 1 685 2
98 98 2 3 4 662 2
148 148 2 3 4 553 2
130 130 2 3 4 627 2
63 63 1 2 2 491 2
14 14 1 1 1 584 2
115 115 2 3 4 548 2
154 154 2 3 4 751 2
21 21 1 1 1 728 1
135 135 2 3 4 677 2
109 109 2 3 4 423 1
18 18 1 1 2 666 2
70 70 1 2 1 461 1
47 47 1 2 2 750 1
12 12 1 1 2 792 1
20 20 1 1 3 831 1
111 111 2 3 4 789 2
41 41 1 1 1 918 2
61 61 1 2 3 999 1
10 10 1 1 1 577 1
67 67 1 2 1 818 1
25 25 1 1 3 535 1
113 113 2 3 4 591 1
55 55 1 2 2 661 1
2 2 1 1 2 555 2
74 74 1 2 3 389 2
180 180 2 3 4 561 2
143 143 2 3 4 521 2
97 97 2 3 4 759 2
82 82 1 2 3 884 2
51 51 1 2 1 689 2
178 178 2 3 4 748 2
110 110 2 3 4 878 1
49 49 1 2 2 414 2
156 156 2 3 4 541 2
133 133 2 3 4 514 1
131 131 2 3 4 523 2
172 172 2 3 4 624 2
60 60 1 2 2 478 2
169 169 2 3 4 508 2
73 73 1 2 1 587 1
22 22 1 1 1 630 1
108 108 2 3 4 649 1
175 175 2 3 4 797 2
7 7 1 1 1 757 2
159 159 2 3 4 706 1
123 123 2 3 4 1188 1
3 3 1 1 3 1054 2
65 65 1 2 3 538 1
166 166 2 3 4 565 2
144 144 2 3 4 572 2
121 121 2 3 4 708 1
13 13 1 1 2 761 1
120 120 2 3 4 831 2
100 100 2 3 4 808 1
38 38 1 1 2 694 2
158 158 2 3 4 645 2
58 58 1 2 1 991 1
68 68 1 2 3 645 1
124 124 2 3 4 495 1
112 112 2 3 4 516 1
170 170 2 3 4 471 2
147 147 2 3 4 639 2
88 88 1 2 1 543 2
163 163 2 3 4 530 1
4 4 1 1 1 414 1
1 1 1 1 1 471 2
125 125 2 3 4 551 1
5 5 1 1 1 408 1
157 157 2 3 4 930 1
29 29 1 1 2 453 1
89 89 1 2 2 375 2
45 45 1 1 2 478 1
30 30 1 1 2 407 2
52 52 1 2 2 394 1
134 134 2 3 4 533 2
177 177 2 3 4 683 2
44 44 1 1 1 571 2
106 106 2 3 4 565 2
32 32 1 1 3 542 2
90 90 1 2 2 491 1
