115 115 2 3 4 1117 1
90 90 1 2 2 718 1
100 100 2 3 4 893 2
86 86 1 2 1 998 1
142 142 2 3 4 1223 1
109 109 2 3 4 927 2
24 24 1 1 2 926 1
107 107 2 3 4 691 1
54 54 1 2 2 754 1
176 176 2 3 4 745 1
122 122 2 3 4 866 1
26 26 1 1 1 776 2
18 18 1 1 2 1076 1
167 167 2 3 4 624 1
66 66 1 2 3 837 1
131 131 2 3 4 642 1
160 160 2 3 4 571 1
17 17 1 1 3 1047 2
161 161 2 3 4 650 1
45 45 1 1 2 836 1
83 83 1 2 2 662 1
52 52 1 2 2 971 1
126 126 2 3 4 551 1
117 117 2 3 4 565 1
148 148 2 3 4 615 1
139 139 2 3 4 651 1
72 72 1 2 1 954 1
121 121 2 3 4 644 1
138 138 2 3 4 615 1
174 174 2 3 4 634 1
158 158 2 3 4 581 1
141 141 2 3 4 826 1
111 111 2 3 4 620 1
127 127 2 3 4 586 1
7 7 1 1 1 592 2
11 11 1 1 3 736 1
96 96 2 3 4 700 1
36 36 1 1 1 725 2
180 180 2 3 4 672 1
159 159 2 3 4 628 1
130 130 2 3 4 607 1
166 166 2 3 4 511 1
63 63 1 2 2 1500 3
4 4 1 1 1 863 2
169 169 2 3 4 651 1
93 93 2 3 4 579 1
27 27 1 1 3 658 2
97 97 2 3 4 751 1
178 178 2 3 4 767 1
34 34 1 1 2 756 1
177 177 2 3 4 674 1
124 124 2 3 4 767 2
40 40 1 1 3 792 1
20 20 1 1 3 874 1
102 102 2 3 4 578 1
84 84 1 2 2 725 1
39 39 1 1 1 675 2
157 157 2 3 4 864 1
135 135 2 3 4 617 1
15 15 1 1 1 1002 1
147 147 2 3 4 745 2
76 76 1 2 1 822 1
118 118 2 3 4 709 1
3 3 1 1 3 908 1
43 43 1 1 3 743 1
113 113 2 3 4 830 1
91 91 2 3 4 679 1
67 67 1 2 1 719 1
12 12 1 1 2 817 1
80 80 1 2 3 827 2
98 98 2 3 4 791 1
152 152 2 3 4 747 2
128 128 2 3 4 884 2
62 62 1 2 2 720 1
58 58 1 2 1 734 1
16 16 1 1 3 835 1
44 44 1 1 1 726 2
143 143 2 3 4 662 1
50 50 1 2 2 725 1
55 55 1 2 2 906 1
31 31 1 1 3 841 2
134 134 2 3 4 1281 1
163 163 2 3 4 1026 2
47 47 1 2 2 709 1
53 53 1 2 3 979 1
10 10 1 1 1 816 1
89 89 1 2 2 694 1
164 164 2 3 4 671 1
21 21 1 1 1 658 2
77 77 1 2 1 607 1
153 153 2 3 4 851 1
99 99 2 3 4 793 1
37 37 1 1 1 785 2
175 175 2 3 4 791 1
144 144 2 3 4 649 1
132 132 2 3 4 668 1
116 116 2 3 4 715 1
78 78 1 2 1 602 1
172 172 2 3 4 712 1
46 46 1 2 3 721 1
73 73 1 2 1 824 1
146 146 2 3 4 614 1
22 22 1 1 1 877 1
120 120 2 3 4 767 1
87 87 1 2 2 722 1
38 38 1 1 2 819 1
70 70 1 2 1 718 1
94 94 2 3 4 725 1
110 110 2 3 4 654 1
173 173 2 3 4 602 1
79 79 1 2 3 700 1
61 61 1 2 3 644 1
112 112 2 3 4 738 1
165 165 2 3 4 713 1
33 33 1 1 2 840 2
14 14 1 1 1 911 2
8 8 1 1 2 703 1
103 103 2 3 4 689 1
32 32 1 1 3 722 1
41 41 1 1 1 892 2
35 35 1 1 3 633 2
25 25 1 1 3 784 1
75 75 1 2 2 811 1
123 123 2 3 4 704 1
56 56 1 2 3 716 1
28 28 1 1 2 680 2
60 60 1 2 2 667 1
108 108 2 3 4 647 1
85 85 1 2 3 755 1
1 1 1 1 1 670 2
129 129 2 3 4 855 2
168 168 2 3 4 749 1
155 155 2 3 4 778 1
49 49 1 2 2 636 1
5 5 1 1 1 728 1
69 69 1 2 3 867 1
71 71 1 2 1 990 1
30 30 1 1 2 747 2
23 23 1 1 2 861 2
92 92 2 3 4 1223 2
170 170 2 3 4 565 1
59 59 1 2 3 855 1
101 101 2 3 4 664 1
88 88 1 2 1 810 1
114 114 2 3 4 733 1
95 95 2 3 4 860 2
156 156 2 3 4 735 1
140 140 2 3 4 618 1
74 74 1 2 3 771 1
133 133 2 3 4 722 1
42 42 1 1 3 751 1
125 125 2 3 4 648 1
65 65 1 2 3 626 1
57 57 1 2 1 736 1
51 51 1 2 1 746 1
68 68 1 2 3 638 1
149 149 2 3 4 849 2
106 106 2 3 4 675 1
19 19 1 1 3 650 2
2 2 1 1 2 803 1
104 104 2 3 4 886 2
6 6 1 1 2 643 2
29 29 1 1 2 846 2
81 81 1 2 1 980 1
13 13 1 1 2 774 2
105 105 2 3 4 890 1
179 179 2 3 4 781 2
150 150 2 3 4 792 1
64 64 1 2 1 828 1
48 48 1 2 3 725 1
119 119 2 3 4 528 1
9 9 1 1 3 583 2
162 162 2 3 4 663 1
136 136 2 3 4 909 1
137 137 2 3 4 759 1
151 151 2 3 4 699 2
82 82 1 2 3 652 1
154 154 2 3 4 635 1
171 171 2 3 4 812 2
145 145 2 3 4 687 1
