114 114 2 3 4 1455 2
52 52 1 2 2 1358 1
18 18 1 1 2 976 1
31 31 1 1 3 1055 1
163 163 2 3 4 1344 1
148 148 2 3 4 1410 1
177 177 2 3 4 1500 3
146 146 2 3 4 1252 2
153 153 2 3 4 1413 1
99 99 2 3 4 1166 1
127 127 2 3 4 1032 1
63 63 1 2 2 1501 1
40 40 1 1 3 1296 1
88 88 1 2 1 973 1
62 62 1 2 2 941 1
32 32 1 1 3 1095 1
157 157 2 3 4 859 1
102 102 2 3 4 1113 1
123 123 2 3 4 1245 1
120 120 2 3 4 768 2
23 23 1 1 2 939 1
165 165 2 3 4 808 1
75 75 1 2 2 950 2
96 96 2 3 4 1025 1
53 53 1 2 3 1035 2
176 176 2 3 4 913 1
64 64 1 2 1 855 1
125 125 2 3 4 1142 2
34 34 1 1 2 750 2
45 45 1 1 2 1335 1
105 105 2 3 4 1032 2
134 134 2 3 4 913 1
113 113 2 3 4 818 1
33 33 1 1 2 940 2
74 74 1 2 3 1235 2
126 126 2 3 4 1073 1
136 136 2 3 4 843 1
124 124 2 3 4 995 1
154 154 2 3 4 952 1
19 19 1 1 3 1159 1
41 41 1 1 1 1165 1
21 21 1 1 1 715 2
66 66 1 2 3 980 2
112 112 2 3 4 1160 1
145 145 2 3 4 921 1
170 170 2 3 4 1012 1
174 174 2 3 4 878 1
6 6 1 1 2 1359 2
3 3 1 1 3 900 2
84 84 1 2 2 1045 1
166 166 2 3 4 1124 1
72 72 1 2 1 1283 2
48 48 1 2 3 990 1
7 7 1 1 1 987 1
122 122 2 3 4 935 2
86 86 1 2 1 1071 1
77 77 1 2 1 814 1
98 98 2 3 4 1381 2
93 93 2 3 4 751 1
106 106 2 3 4 740 1
128 128 2 3 4 1021 1
17 17 1 1 3 805 2
116 116 2 3 4 1046 1
151 151 2 3 4 818 1
67 67 1 2 1 1117 2
30 30 1 1 2 1006 2
137 137 2 3 4 985 1
171 171 2 3 4 974 1
29 29 1 1 2 1500 3
97 97 2 3 4 1323 1
167 167 2 3 4 1094 1
89 89 1 2 2 923 2
71 71 1 2 1 988 2
139 139 2 3 4 932 1
95 95 2 3 4 820 1
51 51 1 2 1 864 1
180 180 2 3 4 860 1
38 38 1 1 2 1150 1
149 149 2 3 4 1026 1
92 92 2 3 4 991 1
156 156 2 3 4 831 1
142 142 2 3 4 908 1
81 81 1 2 1 870 2
91 91 2 3 4 949 1
111 111 2 3 4 925 1
35 35 1 1 3 755 1
14 14 1 1 1 732 2
161 161 2 3 4 1053 1
69 69 1 2 3 1001 2
5 5 1 1 1 1250 2
131 131 2 3 4 1072 1
135 135 2 3 4 1265 1
8 8 1 1 2 1114 1
79 79 1 2 3 928 2
70 70 1 2 1 704 2
160 160 2 3 4 1033 1
104 104 2 3 4 1229 2
129 129 2 3 4 900 1
9 9 1 1 3 851 2
119 119 2 3 4 1063 1
10 10 1 1 1 982 2
109 109 2 3 4 929 1
162 162 2 3 4 1357 1
83 83 1 2 2 1106 1
65 65 1 2 3 1063 2
22 22 1 1 1 1333 2
49 49 1 2 2 983 2
115 115 2 3 4 1500 3
54 54 1 2 2 922 2
169 169 2 3 4 1254 1
140 140 2 3 4 658 1
147 147 2 3 4 1064 1
130 130 2 3 4 1018 1
80 80 1 2 3 937 2
28 28 1 1 2 744 2
164 164 2 3 4 909 1
13 13 1 1 2 1169 1
133 133 2 3 4 668 1
56 56 1 2 3 1052 2
20 20 1 1 3 887 2
16 16 1 1 3 801 2
25 25 1 1 3 1045 2
57 57 1 2 1 835 2
117 117 2 3 4 1006 2
15 15 1 1 1 757 2
150 150 2 3 4 1181 1
60 60 1 2 2 1404 1
78 78 1 2 1 1300 1
100 100 2 3 4 998 1
101 101 2 3 4 769 1
27 27 1 1 3 708 2
2 2 1 1 2 1190 2
82 82 1 2 3 956 2
175 175 2 3 4 1418 1
87 87 1 2 2 735 2
12 12 1 1 2 843 2
11 11 1 1 3 1089 2
107 107 2 3 4 888 1
4 4 1 1 1 878 2
58 58 1 2 1 912 2
68 68 1 2 3 1032 1
141 141 2 3 4 1060 1
143 143 2 3 4 997 1
103 103 2 3 4 948 1
59 59 1 2 3 935 1
118 118 2 3 4 961 1
47 47 1 2 2 1264 2
178 178 2 3 4 941 1
55 55 1 2 2 1049 2
108 108 2 3 4 991 1
37 37 1 1 1 892 2
44 44 1 1 1 1149 2
42 42 1 1 3 1082 2
144 144 2 3 4 905 1
46 46 1 2 3 1026 2
1 1 1 1 1 1091 2
73 73 1 2 1 1202 1
90 90 1 2 2 1500 3
61 61 1 2 3 1302 1
26 26 1 1 1 1500 3
76 76 1 2 1 989 1
158 158 2 3 4 571 1
39 39 1 1 1 828 2
152 152 2 3 4 1016 1
173 173 2 3 4 920 1
159 159 2 3 4 972 1
179 179 2 3 4 966 2
172 172 2 3 4 764 1
24 24 1 1 2 518 2
85 85 1 2 3 1369 2
94 94 2 3 4 983 1
132 132 2 3 4 814 1
121 121 2 3 4 1500 2
155 155 2 3 4 910 1
50 50 1 2 2 1064 2
168 168 2 3 4 830 1
138 138 2 3 4 858 1
36 36 1 1 1 1011 1
110 110 2 3 4 590 1
43 43 1 1 3 862 2
