164 164 2 3 4 1500 3
120 120 2 3 4 1267 1
180 180 2 3 4 1500 3
134 134 2 3 4 1500 3
104 104 2 3 4 983 2
45 45 1 1 2 1324 2
75 75 1 2 2 1347 1
177 177 2 3 4 1500 3
88 88 1 2 1 1500 3
122 122 2 3 4 1500 3
70 70 1 2 1 262 2
108 108 2 3 4 1500 3
169 169 2 3 4 416 2
168 168 2 3 4 1268 1
138 138 2 3 4 1261 1
37 37 1 1 1 1436 2
65 65 1 2 3 1128 1
56 56 1 2 3 1207 2
12 12 1 1 2 1241 1
3 3 1 1 3 1500 3
71 71 1 2 1 1500 3
124 124 2 3 4 1500 3
175 175 2 3 4 1500 3
29 29 1 1 2 91 1
44 44 1 1 1 1500 3
62 62 1 2 2 1365 1
95 95 2 3 4 1500 3
117 117 2 3 4 1244 2
118 118 2 3 4 1140 1
126 126 2 3 4 1500 3
87 87 1 2 2 1500 3
10 10 1 1 1 1500 3
42 42 1 1 3 1500 3
112 112 2 3 4 1500 3
50 50 1 2 2 374 2
96 96 2 3 4 1500 3
127 127 2 3 4 89 2
13 13 1 1 2 1247 2
115 115 2 3 4 1373 2
69 69 1 2 3 1192 2
144 144 2 3 4 1500 3
16 16 1 1 3 1500 3
132 132 2 3 4 1500 3
77 77 1 2 1 1369 2
11 11 1 1 3 1500 3
6 6 1 1 2 1500 3
111 111 2 3 4 1318 2
78 78 1 2 1 1178 2
131 131 2 3 4 1500 3
35 35 1 1 3 1210 2
58 58 1 2 1 1358 1
82 82 1 2 3 1222 2
155 155 2 3 4 1396 2
26 26 1 1 1 1291 2
67 67 1 2 1 1403 1
57 57 1 2 1 1163 2
121 121 2 3 4 1242 2
18 18 1 1 2 1051 2
47 47 1 2 2 1208 1
17 17 1 1 3 986 1
24 24 1 1 2 877 2
64 64 1 2 1 1126 1
15 15 1 1 1 929 1
76 76 1 2 1 894 2
83 83 1 2 2 1077 1
103 103 2 3 4 1232 1
49 49 1 2 2 964 1
133 133 2 3 4 951 1
143 143 2 3 4 1500 3
89 89 1 2 2 493 1
48 48 1 2 3 1500 3
98 98 2 3 4 1500 3
146 146 2 3 4 1500 3
59 59 1 2 3 788 1
46 46 1 2 3 1500 3
171 171 2 3 4 1500 3
90 90 1 2 2 1500 3
106 106 2 3 4 1500 3
166 166 2 3 4 1054 1
101 101 2 3 4 1500 3
100 100 2 3 4 1500 3
61 61 1 2 3 1500 3
150 150 2 3 4 1500 3
85 85 1 2 3 1500 3
125 125 2 3 4 308 2
176 176 2 3 4 1500 3
55 55 1 2 2 1500 3
23 23 1 1 2 1500 3
30 30 1 1 2 917 1
113 113 2 3 4 1500 3
162 162 2 3 4 31 1
142 142 2 3 4 1500 3
172 172 2 3 4 1486 1
130 130 2 3 4 1289 2
165 165 2 3 4 1436 1
5 5 1 1 1 1500 3
161 161 2 3 4 1500 3
68 68 1 2 3 1500 3
179 179 2 3 4 375 1
32 32 1 1 3 1500 3
72 72 1 2 1 1171 1
38 38 1 1 2 1500 3
28 28 1 1 2 570 2
25 25 1 1 3 1500 3
129 129 2 3 4 1496 1
8 8 1 1 2 1500 3
52 52 1 2 2 1479 2
86 86 1 2 1 1500 3
147 147 2 3 4 1456 2
141 141 2 3 4 1500 3
91 91 2 3 4 329 2
60 60 1 2 2 1278 2
19 19 1 1 3 1500 3
145 145 2 3 4 1387 2
97 97 2 3 4 1500 3
1 1 1 1 1 1166 2
170 170 2 3 4 1500 3
66 66 1 2 3 907 1
163 163 2 3 4 1500 3
79 79 1 2 3 1197 2
51 51 1 2 1 847 1
157 157 2 3 4 1226 1
80 80 1 2 3 1533 2
154 154 2 3 4 1500 3
151 151 2 3 4 1500 3
128 128 2 3 4 1500 3
149 149 2 3 4 1500 3
159 159 2 3 4 783 2
39 39 1 1 1 1500 3
40 40 1 1 3 1500 3
158 158 2 3 4 1267 1
140 140 2 3 4 1500 3
110 110 2 3 4 1128 1
178 178 2 3 4 175 2
93 93 2 3 4 1500 3
123 123 2 3 4 1500 3
92 92 2 3 4 1500 3
114 114 2 3 4 73 1
54 54 1 2 2 1500 3
2 2 1 1 2 1500 3
74 74 1 2 3 964 2
36 36 1 1 1 1500 3
105 105 2 3 4 1255 2
116 116 2 3 4 1497 1
94 94 2 3 4 1317 2
152 152 2 3 4 859 1
84 84 1 2 2 1116 1
43 43 1 1 3 1500 3
148 148 2 3 4 1500 3
4 4 1 1 1 1500 3
81 81 1 2 1 353 1
20 20 1 1 3 1373 2
173 173 2 3 4 1500 3
9 9 1 1 3 1407 1
107 107 2 3 4 1430 1
53 53 1 2 3 1500 3
34 34 1 1 2 1500 3
102 102 2 3 4 1500 3
160 160 2 3 4 1160 1
137 137 2 3 4 1500 3
22 22 1 1 1 572 2
99 99 2 3 4 1500 3
31 31 1 1 3 203 2
136 136 2 3 4 1166 2
167 167 2 3 4 21 2
21 21 1 1 1 1500 3
174 174 2 3 4 1500 3
27 27 1 1 3 1500 3
14 14 1 1 1 1398 2
135 135 2 3 4 1500 3
33 33 1 1 2 1500 3
63 63 1 2 2 1500 3
139 139 2 3 4 1484 2
156 156 2 3 4 1500 3
7 7 1 1 1 1500 3
119 119 2 3 4 1294 2
109 109 2 3 4 1500 3
73 73 1 2 1 1237 1
153 153 2 3 4 1103 1
41 41 1 1 1 1165 1
