69 69 1 2 3 1500 3
56 56 1 2 3 1500 3
62 62 1 2 2 568 1
115 115 2 3 4 418 2
13 13 1 1 2 331 1
5 5 1 1 1 508 2
102 102 2 3 4 425 2
59 59 1 2 3 1500 3
58 58 1 2 1 424 1
39 39 1 1 1 453 1
93 93 2 3 4 669 2
15 15 1 1 1 550 2
162 162 2 3 4 585 1
17 17 1 1 3 564 2
127 127 2 3 4 788 1
88 88 1 2 1 628 1
133 133 2 3 4 639 1
24 24 1 1 2 775 1
174 174 2 3 4 820 1
10 10 1 1 1 576 2
129 129 2 3 4 630 1
180 180 2 3 4 515 2
45 45 1 1 2 396 2
8 8 1 1 2 628 1
168 168 2 3 4 700 1
142 142 2 3 4 612 1
7 7 1 1 1 413 2
136 136 2 3 4 583 2
36 36 1 1 1 244 2
137 137 2 3 4 621 1
54 54 1 2 2 591 1
152 152 2 3 4 629 1
64 64 1 2 1 517 2
132 132 2 3 4 532 1
109 109 2 3 4 389 2
82 82 1 2 3 746 1
40 40 1 1 3 796 2
85 85 1 2 3 933 1
113 113 2 3 4 660 1
26 26 1 1 1 924 1
131 131 2 3 4 515 1
130 130 2 3 4 899 2
125 125 2 3 4 622 1
160 160 2 3 4 598 1
147 147 2 3 4 774 2
170 170 2 3 4 630 1
144 144 2 3 4 679 1
169 169 2 3 4 615 2
2 2 1 1 2 749 1
1 1 1 1 1 530 2
18 18 1 1 2 811 1
27 27 1 1 3 876 1
46 46 1 2 3 923 1
117 117 2 3 4 778 2
163 163 2 3 4 750 1
121 121 2 3 4 669 2
156 156 2 3 4 533 2
81 81 1 2 1 269 1
11 11 1 1 3 357 2
70 70 1 2 1 520 1
140 140 2 3 4 549 2
74 74 1 2 3 437 2
14 14 1 1 1 662 2
172 172 2 3 4 836 1
89 89 1 2 2 662 2
12 12 1 1 2 474 1
112 112 2 3 4 605 2
107 107 2 3 4 994 1
103 103 2 3 4 806 1
4 4 1 1 1 675 1
157 157 2 3 4 717 2
106 106 2 3 4 517 1
101 101 2 3 4 305 2
84 84 1 2 2 295 1
66 66 1 2 3 205 2
114 114 2 3 4 307 2
149 149 2 3 4 211 2
108 108 2 3 4 159 1
33 33 1 1 2 191 1
179 179 2 3 4 115 1
139 139 2 3 4 1500 3
41 41 1 1 1 489 1
97 97 2 3 4 361 2
122 122 2 3 4 292 2
20 20 1 1 3 252 2
138 138 2 3 4 209 1
154 154 2 3 4 158 2
83 83 1 2 2 613 2
6 6 1 1 2 671 2
3 3 1 1 3 606 1
116 116 2 3 4 604 2
51 51 1 2 1 853 2
29 29 1 1 2 467 2
92 92 2 3 4 869 1
145 145 2 3 4 906 2
87 87 1 2 2 677 1
167 167 2 3 4 856 2
110 110 2 3 4 768 1
72 72 1 2 1 884 2
94 94 2 3 4 1044 1
161 161 2 3 4 845 1
128 128 2 3 4 502 2
38 38 1 1 2 869 1
124 124 2 3 4 1500 3
120 120 2 3 4 1500 3
49 49 1 2 2 846 1
19 19 1 1 3 767 2
60 60 1 2 2 470 2
28 28 1 1 2 1326 1
111 111 2 3 4 1174 1
21 21 1 1 1 1316 2
99 99 2 3 4 1500 3
90 90 1 2 2 1500 3
177 177 2 3 4 1500 3
31 31 1 1 3 1500 3
47 47 1 2 2 1500 3
166 166 2 3 4 1500 3
65 65 1 2 3 1500 3
159 159 2 3 4 54 2
44 44 1 1 1 1500 3
158 158 2 3 4 1500 3
178 178 2 3 4 455 2
79 79 1 2 3 617 2
153 153 2 3 4 324 2
104 104 2 3 4 245 1
96 96 2 3 4 518 1
71 71 1 2 1 218 1
148 148 2 3 4 252 2
23 23 1 1 2 198 2
42 42 1 1 3 404 1
55 55 1 2 2 243 1
61 61 1 2 3 677 1
35 35 1 1 3 645 2
123 123 2 3 4 774 1
32 32 1 1 3 641 2
126 126 2 3 4 574 2
80 80 1 2 3 681 1
52 52 1 2 2 750 1
57 57 1 2 1 771 1
43 43 1 1 3 677 2
165 165 2 3 4 730 1
91 91 2 3 4 748 1
151 151 2 3 4 706 2
73 73 1 2 1 487 2
22 22 1 1 1 844 2
134 134 2 3 4 424 2
68 68 1 2 3 775 1
98 98 2 3 4 638 2
155 155 2 3 4 589 1
67 67 1 2 1 1037 1
118 118 2 3 4 504 2
78 78 1 2 1 300 1
164 164 2 3 4 373 1
76 76 1 2 1 311 2
173 173 2 3 4 278 2
105 105 2 3 4 285 2
146 146 2 3 4 342 1
34 34 1 1 2 261 1
9 9 1 1 3 269 1
50 50 1 2 2 236 2
30 30 1 1 2 216 2
119 119 2 3 4 204 2
176 176 2 3 4 210 1
175 175 2 3 4 124 2
100 100 2 3 4 281 1
171 171 2 3 4 260 2
63 63 1 2 2 231 1
86 86 1 2 1 168 1
143 143 2 3 4 69 1
25 25 1 1 3 85 2
135 135 2 3 4 163 1
37 37 1 1 1 26 1
77 77 1 2 1 781 1
48 48 1 2 3 756 2
75 75 1 2 2 702 2
150 150 2 3 4 494 2
95 95 2 3 4 980 2
141 141 2 3 4 813 1
53 53 1 2 3 492 1
16 16 1 1 3 517 1
