140 140 2 3 4 1279 1
150 150 2 3 4 1140 1
64 64 1 2 1 838 1
47 47 1 2 2 878 1
147 147 2 3 4 1500 3
66 66 1 2 3 812 1
86 86 1 2 1 637 1
19 19 1 1 3 922 1
98 98 2 3 4 773 1
42 42 1 1 3 1095 1
2 2 1 1 2 932 1
132 132 2 3 4 1021 2
60 60 1 2 2 840 1
154 154 2 3 4 992 1
111 111 2 3 4 910 1
104 104 2 3 4 1338 1
48 48 1 2 3 703 1
155 155 2 3 4 1104 1
177 177 2 3 4 856 1
131 131 2 3 4 929 1
163 163 2 3 4 1250 2
1 1 1 1 1 799 1
179 179 2 3 4 782 2
124 124 2 3 4 1217 2
158 158 2 3 4 1255 1
45 45 1 1 2 889 1
10 10 1 1 1 1500 3
164 164 2 3 4 887 2
5 5 1 1 1 855 1
125 125 2 3 4 926 1
50 50 1 2 2 703 1
82 82 1 2 3 962 1
100 100 2 3 4 898 1
20 20 1 1 3 1058 1
139 139 2 3 4 1085 2
118 118 2 3 4 1073 1
176 176 2 3 4 962 1
7 7 1 1 1 746 1
17 17 1 1 3 892 2
76 76 1 2 1 720 1
169 169 2 3 4 1054 2
24 24 1 1 2 872 1
56 56 1 2 3 731 1
99 99 2 3 4 793 1
113 113 2 3 4 894 2
144 144 2 3 4 734 1
52 52 1 2 2 685 1
122 122 2 3 4 823 2
9 9 1 1 3 941 1
83 83 1 2 2 1237 1
44 44 1 1 1 903 1
43 43 1 1 3 936 2
107 107 2 3 4 1065 2
119 119 2 3 4 873 1
170 170 2 3 4 1138 2
165 165 2 3 4 970 1
101 101 2 3 4 807 1
78 78 1 2 1 801 1
180 180 2 3 4 842 1
88 88 1 2 1 644 1
92 92 2 3 4 851 1
171 171 2 3 4 1085 1
89 89 1 2 2 681 1
57 57 1 2 1 861 1
135 135 2 3 4 1107 2
161 161 2 3 4 1097 2
18 18 1 1 2 1362 1
117 117 2 3 4 825 2
11 11 1 1 3 725 2
90 90 1 2 2 774 1
31 31 1 1 3 880 1
115 115 2 3 4 1415 1
175 175 2 3 4 1050 1
143 143 2 3 4 1086 1
174 174 2 3 4 1085 2
77 77 1 2 1 659 1
54 54 1 2 2 926 1
159 159 2 3 4 887 1
116 116 2 3 4 779 1
102 102 2 3 4 725 1
178 178 2 3 4 817 1
73 73 1 2 1 827 1
53 53 1 2 3 843 1
22 22 1 1 1 1103 1
110 110 2 3 4 945 1
97 97 2 3 4 940 1
146 146 2 3 4 1130 1
87 87 1 2 2 679 1
41 41 1 1 1 859 1
80 80 1 2 3 1348 2
106 106 2 3 4 780 1
152 152 2 3 4 916 1
93 93 2 3 4 725 1
138 138 2 3 4 821 1
25 25 1 1 3 1041 1
160 160 2 3 4 747 1
81 81 1 2 1 680 1
65 65 1 2 3 737 1
85 85 1 2 3 680 1
15 15 1 1 1 766 2
23 23 1 1 2 1213 2
28 28 1 1 2 1172 1
141 141 2 3 4 662 1
36 36 1 1 1 744 1
156 156 2 3 4 677 1
137 137 2 3 4 1140 1
35 35 1 1 3 667 2
67 67 1 2 1 706 1
120 120 2 3 4 1165 1
167 167 2 3 4 682 1
173 173 2 3 4 728 1
105 105 2 3 4 1088 1
121 121 2 3 4 661 1
3 3 1 1 3 1500 3
109 109 2 3 4 737 2
46 46 1 2 3 905 1
39 39 1 1 1 841 2
142 142 2 3 4 658 1
16 16 1 1 3 733 2
63 63 1 2 2 785 1
58 58 1 2 1 677 1
40 40 1 1 3 1500 3
69 69 1 2 3 686 1
27 27 1 1 3 914 1
12 12 1 1 2 807 1
134 134 2 3 4 689 1
75 75 1 2 2 708 1
114 114 2 3 4 748 1
112 112 2 3 4 735 2
162 162 2 3 4 706 1
38 38 1 1 2 725 1
136 136 2 3 4 743 1
49 49 1 2 2 706 1
133 133 2 3 4 851 1
21 21 1 1 1 687 2
72 72 1 2 1 627 1
91 91 2 3 4 676 1
172 172 2 3 4 903 1
70 70 1 2 1 850 1
123 123 2 3 4 556 1
103 103 2 3 4 736 1
127 127 2 3 4 677 1
153 153 2 3 4 668 1
166 166 2 3 4 818 1
148 148 2 3 4 784 1
79 79 1 2 3 696 1
96 96 2 3 4 783 1
51 51 1 2 1 816 2
130 130 2 3 4 677 1
71 71 1 2 1 665 1
168 168 2 3 4 578 1
62 62 1 2 2 732 2
68 68 1 2 3 820 1
29 29 1 1 2 966 1
151 151 2 3 4 635 1
37 37 1 1 1 653 2
74 74 1 2 3 941 1
61 61 1 2 3 727 1
95 95 2 3 4 798 1
33 33 1 1 2 746 2
126 126 2 3 4 1097 1
128 128 2 3 4 789 1
26 26 1 1 1 734 2
30 30 1 1 2 825 1
14 14 1 1 1 561 2
8 8 1 1 2 517 2
149 149 2 3 4 794 1
4 4 1 1 1 658 2
34 34 1 1 2 868 2
55 55 1 2 2 666 1
94 94 2 3 4 555 1
145 145 2 3 4 738 2
13 13 1 1 2 1018 2
6 6 1 1 2 734 2
32 32 1 1 3 589 2
129 129 2 3 4 797 2
157 157 2 3 4 554 1
59 59 1 2 3 665 1
108 108 2 3 4 626 1
84 84 1 2 2 719 1
