152 152 2 3 4 1500 3
25 25 1 1 3 1096 1
76 76 1 2 1 866 2
58 58 1 2 1 985 1
128 128 2 3 4 1262 2
107 107 2 3 4 908 1
2 2 1 1 2 941 2
118 118 2 3 4 1117 1
162 162 2 3 4 919 2
21 21 1 1 1 888 1
31 31 1 1 3 918 1
92 92 2 3 4 1173 2
55 55 1 2 2 934 1
154 154 2 3 4 816 1
157 157 2 3 4 1246 2
112 112 2 3 4 1232 1
94 94 2 3 4 982 2
33 33 1 1 2 974 1
143 143 2 3 4 905 1
176 176 2 3 4 983 2
67 67 1 2 1 957 2
159 159 2 3 4 884 2
17 17 1 1 3 830 2
99 99 2 3 4 999 1
7 7 1 1 1 848 1
30 30 1 1 2 882 2
85 85 1 2 3 913 2
66 66 1 2 3 899 2
113 113 2 3 4 998 1
134 134 2 3 4 974 1
80 80 1 2 3 785 1
50 50 1 2 2 890 1
163 163 2 3 4 1028 2
123 123 2 3 4 1012 1
41 41 1 1 1 1066 2
138 138 2 3 4 1007 1
16 16 1 1 3 1134 2
70 70 1 2 1 848 2
174 174 2 3 4 887 2
120 120 2 3 4 836 2
6 6 1 1 2 783 1
171 171 2 3 4 994 2
83 83 1 2 2 912 1
178 178 2 3 4 738 1
84 84 1 2 2 1039 1
26 26 1 1 1 1082 2
168 168 2 3 4 1006 1
46 46 1 2 3 1087 2
45 45 1 1 2 1176 2
108 108 2 3 4 1175 1
166 166 2 3 4 867 1
15 15 1 1 1 762 1
146 146 2 3 4 988 1
14 14 1 1 1 1135 2
47 47 1 2 2 747 1
122 122 2 3 4 1189 2
141 141 2 3 4 956 1
102 102 2 3 4 966 1
167 167 2 3 4 1155 1
105 105 2 3 4 799 2
19 19 1 1 3 1027 1
4 4 1 1 1 1049 1
125 125 2 3 4 923 1
78 78 1 2 1 1000 2
156 156 2 3 4 1077 1
40 40 1 1 3 975 2
142 142 2 3 4 1001 2
130 130 2 3 4 803 2
164 164 2 3 4 686 1
117 117 2 3 4 835 2
64 64 1 2 1 780 2
57 57 1 2 1 1254 2
9 9 1 1 3 834 2
103 103 2 3 4 821 2
177 177 2 3 4 954 1
124 124 2 3 4 910 1
74 74 1 2 3 898 1
54 54 1 2 2 908 1
1 1 1 1 1 813 2
136 136 2 3 4 1136 2
22 22 1 1 1 959 1
111 111 2 3 4 1150 1
90 90 1 2 2 1044 1
115 115 2 3 4 855 1
145 145 2 3 4 856 2
100 100 2 3 4 998 1
165 165 2 3 4 866 1
121 121 2 3 4 822 1
126 126 2 3 4 779 1
79 79 1 2 3 1143 1
75 75 1 2 2 748 1
27 27 1 1 3 965 2
119 119 2 3 4 1093 1
153 153 2 3 4 998 2
36 36 1 1 1 811 1
132 132 2 3 4 1105 1
59 59 1 2 3 1043 1
127 127 2 3 4 738 1
133 133 2 3 4 764 1
114 114 2 3 4 905 2
56 56 1 2 3 837 1
10 10 1 1 1 684 2
161 161 2 3 4 829 1
81 81 1 2 1 971 2
98 98 2 3 4 1183 1
71 71 1 2 1 862 1
180 180 2 3 4 1031 1
51 51 1 2 1 1056 1
72 72 1 2 1 1432 2
44 44 1 1 1 1147 2
28 28 1 1 2 1008 2
13 13 1 1 2 910 2
34 34 1 1 2 1000 2
151 151 2 3 4 918 2
88 88 1 2 1 1105 2
131 131 2 3 4 1010 2
12 12 1 1 2 1091 2
89 89 1 2 2 902 2
73 73 1 2 1 1080 1
175 175 2 3 4 991 2
63 63 1 2 2 878 2
96 96 2 3 4 1109 1
147 147 2 3 4 1033 1
35 35 1 1 3 978 2
148 148 2 3 4 842 2
179 179 2 3 4 789 2
49 49 1 2 2 945 1
3 3 1 1 3 810 2
155 155 2 3 4 891 1
5 5 1 1 1 1116 1
48 48 1 2 3 1208 2
135 135 2 3 4 920 1
97 97 2 3 4 1014 1
150 150 2 3 4 1064 1
95 95 2 3 4 1074 1
18 18 1 1 2 978 2
42 42 1 1 3 940 1
137 137 2 3 4 719 2
68 68 1 2 3 1281 2
52 52 1 2 2 1074 1
86 86 1 2 1 1228 1
139 139 2 3 4 907 1
39 39 1 1 1 1351 2
77 77 1 2 1 1141 1
11 11 1 1 3 771 2
69 69 1 2 3 946 2
116 116 2 3 4 913 1
106 106 2 3 4 753 1
38 38 1 1 2 963 2
61 61 1 2 3 842 2
104 104 2 3 4 975 1
87 87 1 2 2 708 2
82 82 1 2 3 833 1
32 32 1 1 3 1403 2
93 93 2 3 4 975 1
20 20 1 1 3 1039 2
24 24 1 1 2 1031 1
160 160 2 3 4 917 1
91 91 2 3 4 845 1
158 158 2 3 4 875 1
23 23 1 1 2 892 1
60 60 1 2 2 868 1
140 140 2 3 4 757 1
149 149 2 3 4 1164 1
65 65 1 2 3 1160 2
129 129 2 3 4 1085 1
110 110 2 3 4 881 1
43 43 1 1 3 831 2
172 172 2 3 4 1066 1
169 169 2 3 4 834 1
109 109 2 3 4 1034 1
29 29 1 1 2 1050 1
144 144 2 3 4 1201 1
170 170 2 3 4 1094 2
37 37 1 1 1 890 1
101 101 2 3 4 1243 2
62 62 1 2 2 826 2
53 53 1 2 3 951 2
173 173 2 3 4 947 1
8 8 1 1 2 1380 2
