24 24 1 1 2 790 2
92 92 2 3 4 714 1
166 166 2 3 4 635 1
165 165 2 3 4 706 2
4 4 1 1 1 771 2
162 162 2 3 4 659 1
55 55 1 2 2 721 2
163 163 2 3 4 731 1
72 72 1 2 1 707 2
118 118 2 3 4 721 2
56 56 1 2 3 627 2
130 130 2 3 4 675 2
5 5 1 1 1 620 1
159 159 2 3 4 754 1
15 15 1 1 1 794 2
7 7 1 1 1 660 1
172 172 2 3 4 716 2
151 151 2 3 4 713 1
76 76 1 2 1 652 2
106 106 2 3 4 706 1
148 148 2 3 4 556 2
161 161 2 3 4 777 1
29 29 1 1 2 691 1
85 85 1 2 3 683 1
147 147 2 3 4 713 2
88 88 1 2 1 698 1
107 107 2 3 4 778 2
71 71 1 2 1 628 2
86 86 1 2 1 604 2
128 128 2 3 4 673 2
137 137 2 3 4 620 1
90 90 1 2 2 618 2
123 123 2 3 4 612 1
143 143 2 3 4 690 1
57 57 1 2 1 586 2
65 65 1 2 3 621 1
108 108 2 3 4 667 1
40 40 1 1 3 618 1
111 111 2 3 4 716 1
51 51 1 2 1 809 2
13 13 1 1 2 619 1
10 10 1 1 1 596 2
122 122 2 3 4 707 1
129 129 2 3 4 675 1
139 139 2 3 4 595 2
83 83 1 2 2 575 1
36 36 1 1 1 647 1
18 18 1 1 2 682 1
25 25 1 1 3 691 1
155 155 2 3 4 595 1
62 62 1 2 2 604 1
41 41 1 1 1 699 1
178 178 2 3 4 699 1
96 96 2 3 4 641 1
14 14 1 1 1 722 2
77 77 1 2 1 676 2
81 81 1 2 1 568 1
45 45 1 1 2 690 2
119 119 2 3 4 633 2
154 154 2 3 4 707 1
38 38 1 1 2 574 1
9 9 1 1 3 690 1
105 105 2 3 4 572 2
64 64 1 2 1 727 1
138 138 2 3 4 682 2
98 98 2 3 4 593 2
89 89 1 2 2 643 1
126 126 2 3 4 751 1
32 32 1 1 3 768 1
43 43 1 1 3 659 2
42 42 1 1 3 686 1
145 145 2 3 4 603 2
69 69 1 2 3 603 2
8 8 1 1 2 701 1
59 59 1 2 3 560 1
16 16 1 1 3 628 2
131 131 2 3 4 772 1
35 35 1 1 3 667 2
67 67 1 2 1 605 2
109 109 2 3 4 548 1
179 179 2 3 4 550 1
12 12 1 1 2 569 1
136 136 2 3 4 558 1
97 97 2 3 4 603 1
133 133 2 3 4 582 1
31 31 1 1 3 550 2
140 140 2 3 4 620 2
146 146 2 3 4 619 1
61 61 1 2 3 549 1
175 175 2 3 4 556 1
101 101 2 3 4 651 2
142 142 2 3 4 628 1
124 124 2 3 4 544 2
60 60 1 2 2 544 2
79 79 1 2 3 563 1
132 132 2 3 4 604 1
91 91 2 3 4 597 1
27 27 1 1 3 621 2
113 113 2 3 4 627 1
30 30 1 1 2 667 2
52 52 1 2 2 621 2
110 110 2 3 4 650 1
115 115 2 3 4 567 1
11 11 1 1 3 573 2
102 102 2 3 4 639 1
157 157 2 3 4 588 2
153 153 2 3 4 780 1
49 49 1 2 2 635 1
103 103 2 3 4 747 1
26 26 1 1 1 700 2
39 39 1 1 1 667 2
127 127 2 3 4 830 2
44 44 1 1 1 596 2
180 180 2 3 4 580 1
177 177 2 3 4 592 1
75 75 1 2 2 546 2
134 134 2 3 4 560 1
135 135 2 3 4 508 1
114 114 2 3 4 511 1
169 169 2 3 4 509 1
19 19 1 1 3 515 2
168 168 2 3 4 508 1
46 46 1 2 3 502 2
174 174 2 3 4 707 1
6 6 1 1 2 584 2
3 3 1 1 3 588 2
70 70 1 2 1 643 1
37 37 1 1 1 584 2
149 149 2 3 4 557 1
73 73 1 2 1 580 2
160 160 2 3 4 540 1
121 121 2 3 4 611 1
68 68 1 2 3 730 2
141 141 2 3 4 673 2
117 117 2 3 4 789 1
28 28 1 1 2 764 1
84 84 1 2 2 727 1
48 48 1 2 3 817 1
63 63 1 2 2 739 2
171 171 2 3 4 760 1
112 112 2 3 4 928 1
176 176 2 3 4 604 1
23 23 1 1 2 520 2
170 170 2 3 4 595 1
47 47 1 2 2 582 2
104 104 2 3 4 532 1
99 99 2 3 4 678 1
144 144 2 3 4 623 1
21 21 1 1 1 554 2
53 53 1 2 3 698 1
120 120 2 3 4 549 1
50 50 1 2 2 555 2
33 33 1 1 2 620 2
20 20 1 1 3 557 2
1 1 1 1 1 612 2
173 173 2 3 4 595 1
34 34 1 1 2 627 2
58 58 1 2 1 575 2
82 82 1 2 3 697 1
80 80 1 2 3 581 2
95 95 2 3 4 565 1
66 66 1 2 3 682 1
2 2 1 1 2 564 2
78 78 1 2 1 659 2
156 156 2 3 4 719 1
100 100 2 3 4 682 2
152 152 2 3 4 621 1
116 116 2 3 4 540 1
158 158 2 3 4 569 1
93 93 2 3 4 571 1
17 17 1 1 3 547 2
125 125 2 3 4 518 1
54 54 1 2 2 702 2
94 94 2 3 4 715 1
150 150 2 3 4 652 1
164 164 2 3 4 698 2
167 167 2 3 4 721 1
74 74 1 2 3 612 1
87 87 1 2 2 769 1
22 22 1 1 1 705 1
