168 168 2 3 4 463 2
3 3 1 1 3 1140 1
61 61 1 2 3 1500 3
98 98 2 3 4 632 2
157 157 2 3 4 1500 3
56 56 1 2 3 1500 3
18 18 1 1 2 239 1
124 124 2 3 4 1500 3
176 176 2 3 4 236 2
21 21 1 1 1 887 1
31 31 1 1 3 1500 3
130 130 2 3 4 1500 3
32 32 1 1 3 207 1
169 169 2 3 4 1500 3
33 33 1 1 2 1500 3
120 120 2 3 4 1500 3
126 126 2 3 4 1500 3
71 71 1 2 1 1500 3
25 25 1 1 3 330 1
142 142 2 3 4 1500 3
68 68 1 2 3 1500 3
75 75 1 2 2 437 1
30 30 1 1 2 1500 3
125 125 2 3 4 1500 3
83 83 1 2 2 1500 3
59 59 1 2 3 1500 3
8 8 1 1 2 1500 3
9 9 1 1 3 1500 3
122 122 2 3 4 668 2
50 50 1 2 2 1500 3
80 80 1 2 3 1500 3
37 37 1 1 1 1500 3
113 113 2 3 4 1500 3
108 108 2 3 4 1500 3
151 151 2 3 4 1500 3
167 167 2 3 4 1110 2
47 47 1 2 2 1500 3
102 102 2 3 4 1500 3
114 114 2 3 4 1500 3
11 11 1 1 3 679 1
149 149 2 3 4 964 2
96 96 2 3 4 1500 3
77 77 1 2 1 281 1
78 78 1 2 1 1500 3
115 115 2 3 4 1500 3
154 154 2 3 4 1500 3
123 123 2 3 4 1500 3
76 76 1 2 1 1500 3
26 26 1 1 1 1500 3
100 100 2 3 4 1500 3
92 92 2 3 4 1500 3
51 51 1 2 1 1500 3
60 60 1 2 2 1500 3
177 177 2 3 4 1500 3
111 111 2 3 4 1500 3
44 44 1 1 1 1500 3
65 65 1 2 3 324 2
135 135 2 3 4 1500 3
53 53 1 2 3 1500 3
52 52 1 2 2 1500 3
58 58 1 2 1 1500 3
112 112 2 3 4 1500 3
140 140 2 3 4 1500 3
171 171 2 3 4 1500 3
93 93 2 3 4 1500 3
152 152 2 3 4 1500 3
85 85 1 2 3 1500 3
22 22 1 1 1 1500 3
6 6 1 1 2 1500 3
62 62 1 2 2 1500 3
4 4 1 1 1 1500 3
95 95 2 3 4 1500 3
46 46 1 2 3 1500 3
72 72 1 2 1 1500 3
28 28 1 1 2 1500 3
107 107 2 3 4 1500 3
45 45 1 1 2 1500 3
38 38 1 1 2 1500 3
63 63 1 2 2 1500 3
14 14 1 1 1 1500 3
97 97 2 3 4 1500 3
86 86 1 2 1 1500 3
19 19 1 1 3 1500 3
73 73 1 2 1 1500 3
158 158 2 3 4 1500 3
118 118 2 3 4 1500 3
12 12 1 1 2 1500 3
82 82 1 2 3 1500 3
173 173 2 3 4 1500 3
119 119 2 3 4 1500 3
134 134 2 3 4 1500 3
136 136 2 3 4 1500 3
165 165 2 3 4 1500 3
17 17 1 1 3 1500 3
13 13 1 1 2 1500 3
40 40 1 1 3 1500 3
156 156 2 3 4 1500 3
81 81 1 2 1 1500 3
27 27 1 1 3 1500 3
16 16 1 1 3 790 1
179 179 2 3 4 479 2
57 57 1 2 1 1500 3
139 139 2 3 4 1500 3
175 175 2 3 4 1500 3
166 166 2 3 4 1500 3
105 105 2 3 4 1500 3
64 64 1 2 1 1500 3
10 10 1 1 1 1500 3
70 70 1 2 1 1500 3
89 89 1 2 2 1500 3
117 117 2 3 4 1500 3
137 137 2 3 4 1500 3
148 148 2 3 4 1500 3
15 15 1 1 1 1500 3
49 49 1 2 2 1500 3
178 178 2 3 4 1500 3
132 132 2 3 4 1500 3
29 29 1 1 2 1500 3
94 94 2 3 4 1500 3
172 172 2 3 4 1500 3
143 143 2 3 4 1500 3
35 35 1 1 3 1500 3
138 138 2 3 4 1500 3
54 54 1 2 2 1500 3
110 110 2 3 4 1500 3
141 141 2 3 4 1500 3
101 101 2 3 4 1500 3
161 161 2 3 4 1500 3
41 41 1 1 1 1500 3
146 146 2 3 4 1500 3
163 163 2 3 4 1500 3
20 20 1 1 3 1500 3
2 2 1 1 2 1500 3
150 150 2 3 4 1500 3
160 160 2 3 4 1500 3
99 99 2 3 4 1500 3
144 144 2 3 4 1500 3
87 87 1 2 2 1500 3
147 147 2 3 4 1500 3
109 109 2 3 4 1500 3
90 90 1 2 2 1500 3
104 104 2 3 4 1500 3
48 48 1 2 3 1500 3
153 153 2 3 4 1500 3
127 127 2 3 4 1500 3
84 84 1 2 2 1500 3
180 180 2 3 4 1500 3
74 74 1 2 3 1500 3
55 55 1 2 2 1500 3
43 43 1 1 3 1500 3
39 39 1 1 1 281 1
91 91 2 3 4 902 2
106 106 2 3 4 1500 3
145 145 2 3 4 1500 3
34 34 1 1 2 1500 3
133 133 2 3 4 1500 3
159 159 2 3 4 1500 3
174 174 2 3 4 1500 3
162 162 2 3 4 1500 3
5 5 1 1 1 1500 3
23 23 1 1 2 1500 3
67 67 1 2 1 1500 3
131 131 2 3 4 1500 3
1 1 1 1 1 1500 3
128 128 2 3 4 1500 3
121 121 2 3 4 1500 3
88 88 1 2 1 1500 3
155 155 2 3 4 1500 3
69 69 1 2 3 1500 3
103 103 2 3 4 1500 3
129 129 2 3 4 1500 3
36 36 1 1 1 1500 3
24 24 1 1 2 1500 3
164 164 2 3 4 1500 3
42 42 1 1 3 1500 3
66 66 1 2 3 1500 3
7 7 1 1 1 1500 3
170 170 2 3 4 1500 3
79 79 1 2 3 1500 3
116 116 2 3 4 1500 3
