36 36 1 1 1 1315 2
102 102 2 3 4 815 1
38 38 1 1 2 861 2
34 34 1 1 2 990 2
115 115 2 3 4 850 1
11 11 1 1 3 805 1
2 2 1 1 2 838 1
158 158 2 3 4 799 1
173 173 2 3 4 927 1
126 126 2 3 4 805 1
166 166 2 3 4 870 1
61 61 1 2 3 779 1
170 170 2 3 4 791 1
120 120 2 3 4 728 1
77 77 1 2 1 635 1
101 101 2 3 4 826 1
73 73 1 2 1 761 1
88 88 1 2 1 823 1
179 179 2 3 4 1052 1
95 95 2 3 4 1041 1
155 155 2 3 4 904 1
109 109 2 3 4 927 1
169 169 2 3 4 732 1
50 50 1 2 2 692 1
60 60 1 2 2 627 1
145 145 2 3 4 1017 1
82 82 1 2 3 738 1
35 35 1 1 3 832 2
167 167 2 3 4 723 1
98 98 2 3 4 827 1
136 136 2 3 4 1009 1
84 84 1 2 2 813 1
161 161 2 3 4 813 1
8 8 1 1 2 886 1
141 141 2 3 4 933 1
16 16 1 1 3 1030 2
81 81 1 2 1 675 1
140 140 2 3 4 871 1
177 177 2 3 4 947 1
165 165 2 3 4 1390 2
132 132 2 3 4 977 1
144 144 2 3 4 917 1
89 89 1 2 2 969 1
66 66 1 2 3 853 1
138 138 2 3 4 888 1
148 148 2 3 4 940 1
47 47 1 2 2 728 1
51 51 1 2 1 883 1
15 15 1 1 1 1500 3
21 21 1 1 1 778 2
154 154 2 3 4 715 1
175 175 2 3 4 873 1
74 74 1 2 3 901 2
57 57 1 2 1 646 1
146 146 2 3 4 905 1
64 64 1 2 1 657 2
29 29 1 1 2 752 2
111 111 2 3 4 907 1
42 42 1 1 3 852 1
90 90 1 2 2 723 1
171 171 2 3 4 799 1
3 3 1 1 3 807 2
25 25 1 1 3 819 2
86 86 1 2 1 623 1
99 99 2 3 4 790 2
5 5 1 1 1 773 1
27 27 1 1 3 1026 1
112 112 2 3 4 800 1
67 67 1 2 1 891 2
39 39 1 1 1 893 2
30 30 1 1 2 818 2
147 147 2 3 4 664 1
116 116 2 3 4 826 1
143 143 2 3 4 746 1
163 163 2 3 4 773 1
58 58 1 2 1 852 2
33 33 1 1 2 775 2
108 108 2 3 4 770 1
9 9 1 1 3 942 1
76 76 1 2 1 799 1
176 176 2 3 4 870 1
105 105 2 3 4 781 1
24 24 1 1 2 729 2
118 118 2 3 4 845 1
7 7 1 1 1 835 2
164 164 2 3 4 959 1
121 121 2 3 4 745 1
56 56 1 2 3 688 1
62 62 1 2 2 789 2
53 53 1 2 3 687 1
31 31 1 1 3 741 2
93 93 2 3 4 663 1
129 129 2 3 4 735 1
14 14 1 1 1 914 1
124 124 2 3 4 814 1
96 96 2 3 4 720 1
26 26 1 1 1 819 2
160 160 2 3 4 871 1
106 106 2 3 4 717 1
65 65 1 2 3 627 1
46 46 1 2 3 638 1
110 110 2 3 4 795 2
119 119 2 3 4 807 1
91 91 2 3 4 773 1
142 142 2 3 4 837 1
18 18 1 1 2 742 2
131 131 2 3 4 780 1
19 19 1 1 3 943 2
68 68 1 2 3 766 1
92 92 2 3 4 869 2
152 152 2 3 4 845 2
6 6 1 1 2 752 2
83 83 1 2 2 854 1
4 4 1 1 1 820 2
168 168 2 3 4 651 1
157 157 2 3 4 673 1
44 44 1 1 1 795 2
113 113 2 3 4 748 1
139 139 2 3 4 737 1
104 104 2 3 4 771 1
128 128 2 3 4 601 1
32 32 1 1 3 606 2
71 71 1 2 1 805 1
23 23 1 1 2 775 2
10 10 1 1 1 714 2
45 45 1 1 2 783 2
87 87 1 2 2 731 2
22 22 1 1 1 823 2
79 79 1 2 3 777 2
107 107 2 3 4 890 1
54 54 1 2 2 669 1
149 149 2 3 4 852 1
72 72 1 2 1 758 2
69 69 1 2 3 822 1
178 178 2 3 4 753 1
20 20 1 1 3 878 2
134 134 2 3 4 763 1
156 156 2 3 4 909 1
162 162 2 3 4 784 1
59 59 1 2 3 721 1
135 135 2 3 4 912 1
125 125 2 3 4 735 1
150 150 2 3 4 769 1
43 43 1 1 3 716 2
52 52 1 2 2 764 2
127 127 2 3 4 795 1
94 94 2 3 4 789 1
13 13 1 1 2 872 2
28 28 1 1 2 903 2
80 80 1 2 3 1009 2
49 49 1 2 2 967 1
85 85 1 2 3 981 1
75 75 1 2 2 929 2
153 153 2 3 4 749 1
174 174 2 3 4 809 1
17 17 1 1 3 759 2
123 123 2 3 4 832 2
172 172 2 3 4 996 1
151 151 2 3 4 736 1
122 122 2 3 4 916 1
133 133 2 3 4 846 1
41 41 1 1 1 830 2
180 180 2 3 4 916 2
159 159 2 3 4 657 1
40 40 1 1 3 811 1
55 55 1 2 2 785 1
70 70 1 2 1 1231 2
130 130 2 3 4 795 1
114 114 2 3 4 752 1
63 63 1 2 2 1134 2
103 103 2 3 4 814 1
117 117 2 3 4 970 1
137 137 2 3 4 1006 1
97 97 2 3 4 851 2
78 78 1 2 1 672 1
37 37 1 1 1 732 2
12 12 1 1 2 791 2
100 100 2 3 4 825 1
48 48 1 2 3 848 1
1 1 1 1 1 819 1
