151 151 2 3 4 393 2
177 177 2 3 4 692 1
106 106 2 3 4 588 2
1 1 1 1 1 521 1
35 35 1 1 3 474 1
3 3 1 1 3 553 2
65 65 1 2 3 633 1
77 77 1 2 1 504 2
162 162 2 3 4 815 2
100 100 2 3 4 448 1
111 111 2 3 4 488 2
109 109 2 3 4 453 1
133 133 2 3 4 490 2
158 158 2 3 4 596 1
157 157 2 3 4 439 1
21 21 1 1 1 668 1
120 120 2 3 4 311 2
143 143 2 3 4 125 2
163 163 2 3 4 146 2
28 28 1 1 2 643 1
115 115 2 3 4 835 1
129 129 2 3 4 1012 1
30 30 1 1 2 524 1
91 91 2 3 4 785 2
180 180 2 3 4 767 2
92 92 2 3 4 824 2
118 118 2 3 4 769 2
147 147 2 3 4 649 1
170 170 2 3 4 927 2
169 169 2 3 4 679 1
27 27 1 1 3 842 1
138 138 2 3 4 698 1
96 96 2 3 4 768 1
124 124 2 3 4 607 2
179 179 2 3 4 701 2
148 148 2 3 4 794 2
141 141 2 3 4 754 2
31 31 1 1 3 1069 1
167 167 2 3 4 895 2
101 101 2 3 4 674 1
55 55 1 2 2 644 1
139 139 2 3 4 770 2
135 135 2 3 4 1009 2
132 132 2 3 4 746 2
78 78 1 2 1 696 1
175 175 2 3 4 517 2
116 116 2 3 4 954 2
87 87 1 2 2 808 1
108 108 2 3 4 570 2
26 26 1 1 1 169 2
36 36 1 1 1 242 2
146 146 2 3 4 3 1
164 164 2 3 4 631 2
38 38 1 1 2 559 2
7 7 1 1 1 452 1
49 49 1 2 2 487 1
153 153 2 3 4 204 1
122 122 2 3 4 773 2
145 145 2 3 4 487 1
57 57 1 2 1 524 2
88 88 1 2 1 533 2
17 17 1 1 3 336 2
140 140 2 3 4 466 1
155 155 2 3 4 566 2
43 43 1 1 3 610 1
22 22 1 1 1 597 1
59 59 1 2 3 402 1
6 6 1 1 2 419 1
121 121 2 3 4 620 2
24 24 1 1 2 398 1
14 14 1 1 1 594 2
172 172 2 3 4 595 2
2 2 1 1 2 443 2
83 83 1 2 2 451 1
68 68 1 2 3 400 2
84 84 1 2 2 440 1
44 44 1 1 1 375 2
42 42 1 1 3 229 1
71 71 1 2 1 303 2
61 61 1 2 3 361 1
9 9 1 1 3 254 2
62 62 1 2 2 306 1
89 89 1 2 2 275 2
159 159 2 3 4 185 2
174 174 2 3 4 439 1
130 130 2 3 4 112 1
64 64 1 2 1 427 2
168 168 2 3 4 454 1
76 76 1 2 1 232 1
25 25 1 1 3 227 1
70 70 1 2 1 222 1
110 110 2 3 4 348 2
74 74 1 2 3 316 1
60 60 1 2 2 291 1
16 16 1 1 3 332 2
63 63 1 2 2 190 1
134 134 2 3 4 354 1
165 165 2 3 4 101 2
33 33 1 1 2 218 2
127 127 2 3 4 103 2
94 94 2 3 4 171 1
20 20 1 1 3 105 1
125 125 2 3 4 89 1
67 67 1 2 1 48 1
4 4 1 1 1 130 2
105 105 2 3 4 70 2
82 82 1 2 3 992 2
18 18 1 1 2 209 1
10 10 1 1 1 166 2
53 53 1 2 3 86 1
173 173 2 3 4 782 1
86 86 1 2 1 204 1
161 161 2 3 4 596 1
99 99 2 3 4 104 2
8 8 1 1 2 146 2
112 112 2 3 4 134 2
131 131 2 3 4 135 1
13 13 1 1 2 193 1
52 52 1 2 2 86 2
166 166 2 3 4 269 2
41 41 1 1 1 167 2
90 90 1 2 2 155 1
40 40 1 1 3 264 2
79 79 1 2 3 123 1
178 178 2 3 4 153 2
32 32 1 1 3 205 1
114 114 2 3 4 229 2
160 160 2 3 4 293 2
103 103 2 3 4 568 2
152 152 2 3 4 461 2
46 46 1 2 3 557 1
123 123 2 3 4 367 2
48 48 1 2 3 236 1
11 11 1 1 3 303 1
119 119 2 3 4 261 2
97 97 2 3 4 231 2
98 98 2 3 4 112 2
15 15 1 1 1 162 2
102 102 2 3 4 75 1
171 171 2 3 4 32 1
81 81 1 2 1 673 2
51 51 1 2 1 15 2
37 37 1 1 1 226 2
66 66 1 2 3 535 2
45 45 1 1 2 365 2
156 156 2 3 4 61 1
47 47 1 2 2 93 1
176 176 2 3 4 815 1
19 19 1 1 3 824 2
95 95 2 3 4 705 2
142 142 2 3 4 853 1
104 104 2 3 4 599 2
56 56 1 2 3 530 1
107 107 2 3 4 691 2
50 50 1 2 2 443 2
85 85 1 2 3 343 1
12 12 1 1 2 473 2
54 54 1 2 2 358 1
80 80 1 2 3 377 2
75 75 1 2 2 88 1
23 23 1 1 2 314 2
126 126 2 3 4 79 2
149 149 2 3 4 588 2
150 150 2 3 4 163 1
34 34 1 1 2 26 1
117 117 2 3 4 1500 3
72 72 1 2 1 1500 3
73 73 1 2 1 1500 3
137 137 2 3 4 1154 2
39 39 1 1 1 447 2
29 29 1 1 2 276 1
136 136 2 3 4 722 1
113 113 2 3 4 4 1
93 93 2 3 4 1500 3
69 69 1 2 3 489 2
144 144 2 3 4 1500 3
5 5 1 1 1 1500 3
154 154 2 3 4 1500 3
58 58 1 2 1 547 1
128 128 2 3 4 26 1
