86 86 1 2 1 890 1
28 28 1 1 2 1251 1
155 155 2 3 4 828 1
13 13 1 1 2 727 1
103 103 2 3 4 892 1
132 132 2 3 4 712 1
53 53 1 2 3 720 2
107 107 2 3 4 1002 2
156 156 2 3 4 1082 1
70 70 1 2 1 843 1
63 63 1 2 2 758 1
145 145 2 3 4 826 1
159 159 2 3 4 1150 1
35 35 1 1 3 763 1
76 76 1 2 1 957 2
90 90 1 2 2 1295 2
45 45 1 1 2 692 1
91 91 2 3 4 630 2
87 87 1 2 2 796 2
56 56 1 2 3 842 1
67 67 1 2 1 738 2
115 115 2 3 4 1096 1
179 179 2 3 4 811 1
21 21 1 1 1 960 1
84 84 1 2 2 677 1
26 26 1 1 1 1051 2
143 143 2 3 4 859 1
147 147 2 3 4 870 2
47 47 1 2 2 738 1
1 1 1 1 1 1066 1
27 27 1 1 3 921 1
168 168 2 3 4 682 1
30 30 1 1 2 941 1
78 78 1 2 1 826 2
105 105 2 3 4 1003 2
113 113 2 3 4 1125 1
161 161 2 3 4 952 1
9 9 1 1 3 1072 2
15 15 1 1 1 1154 1
12 12 1 1 2 844 1
3 3 1 1 3 979 2
133 133 2 3 4 1086 1
36 36 1 1 1 718 1
149 149 2 3 4 1168 1
160 160 2 3 4 901 2
122 122 2 3 4 787 2
10 10 1 1 1 958 2
128 128 2 3 4 769 2
96 96 2 3 4 779 1
34 34 1 1 2 728 2
41 41 1 1 1 804 2
119 119 2 3 4 923 1
29 29 1 1 2 774 1
151 151 2 3 4 792 1
14 14 1 1 1 761 2
139 139 2 3 4 842 1
100 100 2 3 4 716 2
138 138 2 3 4 958 2
72 72 1 2 1 828 2
114 114 2 3 4 1199 2
140 140 2 3 4 793 1
124 124 2 3 4 650 2
142 142 2 3 4 659 1
118 118 2 3 4 730 2
32 32 1 1 3 897 1
75 75 1 2 2 679 1
20 20 1 1 3 782 2
2 2 1 1 2 813 2
85 85 1 2 3 672 2
40 40 1 1 3 656 1
22 22 1 1 1 799 1
110 110 2 3 4 586 1
116 116 2 3 4 777 2
150 150 2 3 4 965 1
176 176 2 3 4 642 1
108 108 2 3 4 677 1
49 49 1 2 2 1106 2
62 62 1 2 2 661 1
7 7 1 1 1 844 1
69 69 1 2 3 634 2
43 43 1 1 3 768 2
170 170 2 3 4 1053 2
135 135 2 3 4 698 1
98 98 2 3 4 772 2
153 153 2 3 4 1255 1
127 127 2 3 4 703 1
93 93 2 3 4 909 2
37 37 1 1 1 823 1
120 120 2 3 4 919 1
163 163 2 3 4 847 2
79 79 1 2 3 793 2
58 58 1 2 1 787 1
109 109 2 3 4 776 1
17 17 1 1 3 705 1
92 92 2 3 4 862 2
172 172 2 3 4 1051 1
137 137 2 3 4 789 2
171 171 2 3 4 791 2
97 97 2 3 4 600 1
11 11 1 1 3 697 2
61 61 1 2 3 798 2
102 102 2 3 4 645 1
66 66 1 2 3 722 1
46 46 1 2 3 761 2
81 81 1 2 1 1057 1
88 88 1 2 1 861 1
80 80 1 2 3 718 2
157 157 2 3 4 824 1
25 25 1 1 3 667 1
177 177 2 3 4 589 1
167 167 2 3 4 648 1
146 146 2 3 4 757 1
42 42 1 1 3 799 2
173 173 2 3 4 608 2
104 104 2 3 4 612 1
39 39 1 1 1 788 1
94 94 2 3 4 1019 1
51 51 1 2 1 756 1
134 134 2 3 4 661 1
65 65 1 2 3 723 1
77 77 1 2 1 604 1
23 23 1 1 2 1420 1
111 111 2 3 4 633 1
101 101 2 3 4 843 1
55 55 1 2 2 699 1
8 8 1 1 2 837 1
64 64 1 2 1 795 2
112 112 2 3 4 1011 1
18 18 1 1 2 982 1
169 169 2 3 4 783 1
121 121 2 3 4 723 1
24 24 1 1 2 1288 1
89 89 1 2 2 1500 3
178 178 2 3 4 683 2
175 175 2 3 4 1159 1
31 31 1 1 3 944 2
59 59 1 2 3 800 1
16 16 1 1 3 1219 2
44 44 1 1 1 821 2
141 141 2 3 4 644 2
166 166 2 3 4 637 1
136 136 2 3 4 711 1
165 165 2 3 4 1010 2
57 57 1 2 1 711 2
99 99 2 3 4 882 1
74 74 1 2 3 709 2
83 83 1 2 2 636 1
95 95 2 3 4 638 1
154 154 2 3 4 669 1
38 38 1 1 2 700 2
71 71 1 2 1 722 1
19 19 1 1 3 652 1
126 126 2 3 4 848 1
73 73 1 2 1 693 2
117 117 2 3 4 599 2
152 152 2 3 4 956 1
144 144 2 3 4 701 1
129 129 2 3 4 1134 2
82 82 1 2 3 628 1
68 68 1 2 3 621 2
148 148 2 3 4 855 2
54 54 1 2 2 744 2
52 52 1 2 2 671 1
164 164 2 3 4 802 2
33 33 1 1 2 586 2
131 131 2 3 4 630 1
158 158 2 3 4 764 1
130 130 2 3 4 633 2
6 6 1 1 2 796 1
106 106 2 3 4 800 1
50 50 1 2 2 811 2
48 48 1 2 3 743 2
174 174 2 3 4 911 1
125 125 2 3 4 773 1
180 180 2 3 4 821 1
4 4 1 1 1 777 2
60 60 1 2 2 810 1
123 123 2 3 4 733 1
162 162 2 3 4 788 1
5 5 1 1 1 639 1
