114 114 2 3 4 1083 1
15 15 1 1 1 1362 1
143 143 2 3 4 1136 1
165 165 2 3 4 925 2
56 56 1 2 3 820 1
168 168 2 3 4 757 2
176 176 2 3 4 744 2
76 76 1 2 1 794 1
3 3 1 1 3 719 2
20 20 1 1 3 719 2
19 19 1 1 3 744 1
154 154 2 3 4 581 2
131 131 2 3 4 488 2
166 166 2 3 4 601 2
13 13 1 1 2 494 1
23 23 1 1 2 574 1
53 53 1 2 3 471 2
75 75 1 2 2 734 2
2 2 1 1 2 737 1
141 141 2 3 4 734 2
138 138 2 3 4 678 2
137 137 2 3 4 504 1
134 134 2 3 4 844 2
88 88 1 2 1 911 1
152 152 2 3 4 1033 2
119 119 2 3 4 1344 1
16 16 1 1 3 734 2
73 73 1 2 1 696 2
47 47 1 2 2 1223 2
120 120 2 3 4 1181 1
150 150 2 3 4 607 2
179 179 2 3 4 665 2
79 79 1 2 3 671 1
159 159 2 3 4 710 1
135 135 2 3 4 728 2
118 118 2 3 4 601 2
58 58 1 2 1 848 2
148 148 2 3 4 810 2
12 12 1 1 2 952 2
123 123 2 3 4 792 1
61 61 1 2 3 640 1
157 157 2 3 4 1055 1
33 33 1 1 2 574 2
80 80 1 2 3 639 1
167 167 2 3 4 639 2
103 103 2 3 4 768 2
71 71 1 2 1 808 2
110 110 2 3 4 832 1
162 162 2 3 4 1065 1
49 49 1 2 2 895 1
66 66 1 2 3 942 1
111 111 2 3 4 909 1
144 144 2 3 4 1016 2
97 97 2 3 4 792 1
46 46 1 2 3 759 1
91 91 2 3 4 958 1
72 72 1 2 1 642 1
44 44 1 1 1 551 1
96 96 2 3 4 632 2
147 147 2 3 4 631 2
38 38 1 1 2 872 1
57 57 1 2 1 640 2
62 62 1 2 2 785 1
37 37 1 1 1 695 2
146 146 2 3 4 449 1
60 60 1 2 2 447 2
142 142 2 3 4 416 2
172 172 2 3 4 561 2
26 26 1 1 1 1500 3
90 90 1 2 2 690 1
136 136 2 3 4 904 2
160 160 2 3 4 903 1
6 6 1 1 2 520 1
98 98 2 3 4 473 2
117 117 2 3 4 652 2
64 64 1 2 1 703 1
174 174 2 3 4 1151 2
18 18 1 1 2 783 2
55 55 1 2 2 936 2
1 1 1 1 1 472 1
27 27 1 1 3 367 1
69 69 1 2 3 350 2
155 155 2 3 4 425 1
81 81 1 2 1 589 1
28 28 1 1 2 376 1
65 65 1 2 3 431 2
7 7 1 1 1 472 2
11 11 1 1 3 521 1
45 45 1 1 2 495 1
121 121 2 3 4 591 2
153 153 2 3 4 785 2
35 35 1 1 3 625 1
42 42 1 1 3 519 2
128 128 2 3 4 590 2
99 99 2 3 4 400 2
89 89 1 2 2 486 2
63 63 1 2 2 447 2
48 48 1 2 3 424 1
70 70 1 2 1 421 1
129 129 2 3 4 472 2
101 101 2 3 4 429 1
84 84 1 2 2 462 2
5 5 1 1 1 389 1
40 40 1 1 3 513 1
175 175 2 3 4 471 1
100 100 2 3 4 553 1
140 140 2 3 4 448 2
8 8 1 1 2 365 1
67 67 1 2 1 423 2
41 41 1 1 1 389 2
107 107 2 3 4 482 1
163 163 2 3 4 315 2
50 50 1 2 2 379 1
132 132 2 3 4 652 1
21 21 1 1 1 345 1
133 133 2 3 4 488 2
32 32 1 1 3 361 2
4 4 1 1 1 410 2
124 124 2 3 4 350 2
83 83 1 2 2 519 1
25 25 1 1 3 856 1
149 149 2 3 4 1500 3
122 122 2 3 4 634 2
14 14 1 1 1 361 2
106 106 2 3 4 335 2
116 116 2 3 4 411 2
156 156 2 3 4 502 2
82 82 1 2 3 382 2
164 164 2 3 4 498 1
92 92 2 3 4 327 2
139 139 2 3 4 480 2
171 171 2 3 4 320 1
29 29 1 1 2 392 1
127 127 2 3 4 454 2
52 52 1 2 2 397 2
126 126 2 3 4 504 1
113 113 2 3 4 373 2
173 173 2 3 4 424 2
30 30 1 1 2 1032 1
105 105 2 3 4 488 2
43 43 1 1 3 912 2
95 95 2 3 4 945 2
78 78 1 2 1 1087 1
145 145 2 3 4 743 2
169 169 2 3 4 847 1
125 125 2 3 4 550 2
77 77 1 2 1 737 1
130 130 2 3 4 889 2
51 51 1 2 1 742 2
104 104 2 3 4 697 2
158 158 2 3 4 527 2
74 74 1 2 3 912 1
108 108 2 3 4 720 1
93 93 2 3 4 960 1
178 178 2 3 4 632 2
94 94 2 3 4 640 2
102 102 2 3 4 1010 1
109 109 2 3 4 713 2
24 24 1 1 2 511 1
86 86 1 2 1 716 2
10 10 1 1 1 552 2
68 68 1 2 3 425 1
31 31 1 1 3 389 1
36 36 1 1 1 340 1
170 170 2 3 4 360 1
115 115 2 3 4 400 1
180 180 2 3 4 480 1
112 112 2 3 4 408 2
22 22 1 1 1 416 1
87 87 1 2 2 403 1
34 34 1 1 2 568 1
151 151 2 3 4 328 1
59 59 1 2 3 456 2
17 17 1 1 3 373 1
39 39 1 1 1 424 2
85 85 1 2 3 512 1
177 177 2 3 4 296 1
54 54 1 2 2 400 2
161 161 2 3 4 366 1
9 9 1 1 3 359 1
