138 138 2 3 4 824 1
36 36 1 1 1 760 1
16 16 1 1 3 929 2
126 126 2 3 4 862 2
40 40 1 1 3 719 2
71 71 1 2 1 702 2
88 88 1 2 1 823 1
173 173 2 3 4 928 1
122 122 2 3 4 1113 2
48 48 1 2 3 1041 2
15 15 1 1 1 598 2
129 129 2 3 4 687 1
149 149 2 3 4 752 1
94 94 2 3 4 23 1
96 96 2 3 4 1305 1
60 60 1 2 2 925 1
146 146 2 3 4 759 1
73 73 1 2 1 871 1
68 68 1 2 3 768 1
133 133 2 3 4 671 1
58 58 1 2 1 726 2
2 2 1 1 2 688 2
143 143 2 3 4 710 1
175 175 2 3 4 727 1
139 139 2 3 4 1014 1
57 57 1 2 1 741 1
59 59 1 2 3 967 2
147 147 2 3 4 678 1
157 157 2 3 4 645 1
97 97 2 3 4 711 1
90 90 1 2 2 792 2
54 54 1 2 2 767 2
50 50 1 2 2 904 2
31 31 1 1 3 966 2
105 105 2 3 4 726 1
124 124 2 3 4 975 1
86 86 1 2 1 935 1
116 116 2 3 4 716 1
49 49 1 2 2 686 1
34 34 1 1 2 790 2
91 91 2 3 4 557 1
123 123 2 3 4 766 1
38 38 1 1 2 800 1
113 113 2 3 4 647 1
132 132 2 3 4 675 1
134 134 2 3 4 720 1
108 108 2 3 4 1261 1
17 17 1 1 3 752 2
22 22 1 1 1 662 2
45 45 1 1 2 742 2
52 52 1 2 2 965 1
172 172 2 3 4 623 1
80 80 1 2 3 653 2
85 85 1 2 3 749 1
118 118 2 3 4 800 1
32 32 1 1 3 592 2
162 162 2 3 4 631 1
140 140 2 3 4 1006 1
163 163 2 3 4 702 1
168 168 2 3 4 671 1
169 169 2 3 4 982 2
104 104 2 3 4 526 1
13 13 1 1 2 678 2
135 135 2 3 4 661 1
179 179 2 3 4 597 1
125 125 2 3 4 1209 2
27 27 1 1 3 742 2
141 141 2 3 4 549 1
29 29 1 1 2 601 2
79 79 1 2 3 771 1
61 61 1 2 3 975 1
121 121 2 3 4 679 1
110 110 2 3 4 637 1
142 142 2 3 4 712 1
127 127 2 3 4 1464 1
1 1 1 1 1 1170 2
166 166 2 3 4 991 1
23 23 1 1 2 1005 2
170 170 2 3 4 984 1
53 53 1 2 3 979 1
8 8 1 1 2 925 2
7 7 1 1 1 647 2
25 25 1 1 3 685 2
164 164 2 3 4 1181 2
64 64 1 2 1 638 2
74 74 1 2 3 967 1
117 117 2 3 4 799 1
21 21 1 1 1 479 2
130 130 2 3 4 554 1
151 151 2 3 4 742 1
69 69 1 2 3 1015 1
112 112 2 3 4 527 1
43 43 1 1 3 837 2
75 75 1 2 2 614 2
9 9 1 1 3 638 2
14 14 1 1 1 813 2
145 145 2 3 4 759 1
103 103 2 3 4 542 1
180 180 2 3 4 599 1
81 81 1 2 1 828 2
131 131 2 3 4 784 1
35 35 1 1 3 615 2
87 87 1 2 2 735 2
144 144 2 3 4 872 1
100 100 2 3 4 1365 1
33 33 1 1 2 829 2
39 39 1 1 1 744 2
177 177 2 3 4 1046 1
24 24 1 1 2 910 2
84 84 1 2 2 998 2
119 119 2 3 4 831 1
82 82 1 2 3 976 1
56 56 1 2 3 886 2
171 171 2 3 4 1350 2
10 10 1 1 1 695 2
11 11 1 1 3 631 2
42 42 1 1 3 854 2
89 89 1 2 2 701 2
28 28 1 1 2 1500 3
167 167 2 3 4 1239 1
161 161 2 3 4 855 1
165 165 2 3 4 815 1
77 77 1 2 1 1054 2
76 76 1 2 1 745 1
93 93 2 3 4 621 1
46 46 1 2 3 1031 1
30 30 1 1 2 527 2
136 136 2 3 4 639 1
44 44 1 1 1 623 2
102 102 2 3 4 806 1
106 106 2 3 4 1087 1
65 65 1 2 3 750 1
160 160 2 3 4 509 1
176 176 2 3 4 799 1
41 41 1 1 1 1031 2
70 70 1 2 1 691 1
72 72 1 2 1 1193 2
62 62 1 2 2 816 1
101 101 2 3 4 759 1
99 99 2 3 4 544 1
55 55 1 2 2 764 2
92 92 2 3 4 1094 2
19 19 1 1 3 704 2
83 83 1 2 2 1221 1
154 154 2 3 4 952 1
6 6 1 1 2 645 2
156 156 2 3 4 624 1
115 115 2 3 4 479 1
150 150 2 3 4 831 1
78 78 1 2 1 957 1
159 159 2 3 4 631 1
12 12 1 1 2 568 2
114 114 2 3 4 590 1
111 111 2 3 4 446 1
37 37 1 1 1 576 2
47 47 1 2 2 750 2
109 109 2 3 4 694 1
26 26 1 1 1 735 2
3 3 1 1 3 821 2
153 153 2 3 4 783 1
107 107 2 3 4 758 1
98 98 2 3 4 1063 1
178 178 2 3 4 558 1
4 4 1 1 1 597 2
95 95 2 3 4 623 1
66 66 1 2 3 1268 1
152 152 2 3 4 655 1
174 174 2 3 4 518 1
158 158 2 3 4 534 1
128 128 2 3 4 974 1
20 20 1 1 3 942 2
148 148 2 3 4 1016 1
120 120 2 3 4 1092 1
137 137 2 3 4 1029 1
18 18 1 1 2 875 2
67 67 1 2 1 758 2
155 155 2 3 4 887 1
63 63 1 2 2 1134 2
5 5 1 1 1 724 2
51 51 1 2 1 958 2
