99 99 2 3 4 737 1
50 50 1 2 2 748 1
22 22 1 1 1 666 1
80 80 1 2 3 694 1
57 57 1 2 1 753 1
160 160 2 3 4 1129 1
120 120 2 3 4 712 2
151 151 2 3 4 835 1
131 131 2 3 4 763 1
49 49 1 2 2 725 2
169 169 2 3 4 797 2
127 127 2 3 4 824 2
12 12 1 1 2 668 1
107 107 2 3 4 829 1
31 31 1 1 3 859 2
108 108 2 3 4 675 1
67 67 1 2 1 813 1
9 9 1 1 3 720 1
129 129 2 3 4 760 1
66 66 1 2 3 847 1
101 101 2 3 4 648 2
8 8 1 1 2 854 1
4 4 1 1 1 791 2
59 59 1 2 3 964 2
125 125 2 3 4 751 1
158 158 2 3 4 695 2
159 159 2 3 4 832 1
104 104 2 3 4 816 1
138 138 2 3 4 884 2
21 21 1 1 1 728 2
18 18 1 1 2 786 2
32 32 1 1 3 950 1
111 111 2 3 4 680 1
177 177 2 3 4 986 2
122 122 2 3 4 851 1
53 53 1 2 3 756 2
156 156 2 3 4 1016 1
171 171 2 3 4 1154 1
73 73 1 2 1 830 2
35 35 1 1 3 1036 2
60 60 1 2 2 732 1
86 86 1 2 1 844 2
93 93 2 3 4 804 1
144 144 2 3 4 792 1
149 149 2 3 4 1019 1
29 29 1 1 2 666 1
124 124 2 3 4 879 1
42 42 1 1 3 909 1
63 63 1 2 2 774 1
56 56 1 2 3 774 1
143 143 2 3 4 830 1
83 83 1 2 2 1212 2
166 166 2 3 4 865 1
105 105 2 3 4 897 2
36 36 1 1 1 867 2
142 142 2 3 4 856 1
58 58 1 2 1 857 1
117 117 2 3 4 954 2
81 81 1 2 1 770 1
62 62 1 2 2 826 1
113 113 2 3 4 712 1
43 43 1 1 3 759 2
82 82 1 2 3 1035 2
140 140 2 3 4 874 2
54 54 1 2 2 958 1
174 174 2 3 4 868 1
126 126 2 3 4 918 2
17 17 1 1 3 716 2
128 128 2 3 4 867 2
48 48 1 2 3 723 2
19 19 1 1 3 674 1
34 34 1 1 2 725 2
161 161 2 3 4 1250 1
95 95 2 3 4 949 1
116 116 2 3 4 900 2
72 72 1 2 1 953 2
141 141 2 3 4 836 2
10 10 1 1 1 766 2
39 39 1 1 1 1128 2
2 2 1 1 2 1143 1
26 26 1 1 1 1269 1
20 20 1 1 3 1500 3
94 94 2 3 4 803 1
132 132 2 3 4 918 1
87 87 1 2 2 757 2
45 45 1 1 2 1426 1
167 167 2 3 4 1374 1
40 40 1 1 3 1102 2
92 92 2 3 4 1416 1
170 170 2 3 4 1475 1
150 150 2 3 4 1338 1
1 1 1 1 1 1207 1
154 154 2 3 4 839 1
28 28 1 1 2 1500 3
90 90 1 2 2 1288 2
164 164 2 3 4 1500 3
173 173 2 3 4 1376 1
109 109 2 3 4 1500 3
61 61 1 2 3 952 2
13 13 1 1 2 1069 1
153 153 2 3 4 893 1
106 106 2 3 4 976 1
30 30 1 1 2 955 1
38 38 1 1 2 1141 1
5 5 1 1 1 1137 2
139 139 2 3 4 927 1
14 14 1 1 1 968 2
118 118 2 3 4 1129 1
155 155 2 3 4 1158 2
46 46 1 2 3 978 1
71 71 1 2 1 1211 2
41 41 1 1 1 1002 1
178 178 2 3 4 1065 1
157 157 2 3 4 950 1
114 114 2 3 4 994 1
147 147 2 3 4 1151 2
168 168 2 3 4 877 2
115 115 2 3 4 755 1
24 24 1 1 2 879 2
78 78 1 2 1 1021 2
123 123 2 3 4 1231 1
137 137 2 3 4 943 2
64 64 1 2 1 975 2
68 68 1 2 3 905 1
15 15 1 1 1 925 2
33 33 1 1 2 1024 2
179 179 2 3 4 959 1
3 3 1 1 3 943 2
103 103 2 3 4 978 1
180 180 2 3 4 909 2
76 76 1 2 1 943 1
163 163 2 3 4 892 1
175 175 2 3 4 978 1
102 102 2 3 4 920 1
27 27 1 1 3 951 1
91 91 2 3 4 712 1
85 85 1 2 3 712 1
7 7 1 1 1 812 2
165 165 2 3 4 890 1
145 145 2 3 4 875 1
134 134 2 3 4 798 2
152 152 2 3 4 892 1
23 23 1 1 2 936 1
96 96 2 3 4 942 1
97 97 2 3 4 875 2
25 25 1 1 3 989 2
176 176 2 3 4 916 1
100 100 2 3 4 989 2
88 88 1 2 1 956 2
44 44 1 1 1 951 1
6 6 1 1 2 1053 1
52 52 1 2 2 939 2
16 16 1 1 3 981 2
135 135 2 3 4 892 1
65 65 1 2 3 849 1
130 130 2 3 4 960 2
121 121 2 3 4 842 1
69 69 1 2 3 895 2
11 11 1 1 3 990 1
119 119 2 3 4 1036 2
79 79 1 2 3 1021 2
51 51 1 2 1 1050 1
55 55 1 2 2 943 1
148 148 2 3 4 952 1
162 162 2 3 4 925 1
70 70 1 2 1 1068 1
47 47 1 2 2 1042 1
112 112 2 3 4 1102 1
133 133 2 3 4 986 1
37 37 1 1 1 1016 2
89 89 1 2 2 878 1
74 74 1 2 3 941 1
146 146 2 3 4 972 1
75 75 1 2 2 1142 1
84 84 1 2 2 994 1
172 172 2 3 4 1045 1
77 77 1 2 1 787 1
98 98 2 3 4 730 1
136 136 2 3 4 882 1
110 110 2 3 4 1021 1
