58 58 1 2 1 1500 3
4 4 1 1 1 1500 3
3 3 1 1 3 696 1
102 102 2 3 4 785 1
131 131 2 3 4 720 1
126 126 2 3 4 799 1
137 137 2 3 4 905 1
144 144 2 3 4 925 1
180 180 2 3 4 1350 1
56 56 1 2 3 670 1
34 34 1 1 2 1069 1
130 130 2 3 4 809 1
146 146 2 3 4 723 1
115 115 2 3 4 717 1
108 108 2 3 4 894 1
24 24 1 1 2 835 1
118 118 2 3 4 746 1
105 105 2 3 4 885 1
31 31 1 1 3 816 1
158 158 2 3 4 923 1
63 63 1 2 2 778 1
13 13 1 1 2 956 1
103 103 2 3 4 876 1
7 7 1 1 1 950 1
155 155 2 3 4 883 1
16 16 1 1 3 769 1
136 136 2 3 4 1057 1
176 176 2 3 4 1143 1
132 132 2 3 4 915 1
123 123 2 3 4 955 1
172 172 2 3 4 976 1
88 88 1 2 1 688 1
85 85 1 2 3 670 1
175 175 2 3 4 998 1
25 25 1 1 3 958 1
43 43 1 1 3 734 1
111 111 2 3 4 759 1
166 166 2 3 4 858 1
67 67 1 2 1 761 1
47 47 1 2 2 855 1
121 121 2 3 4 804 1
82 82 1 2 3 726 1
179 179 2 3 4 815 1
98 98 2 3 4 717 1
77 77 1 2 1 570 1
112 112 2 3 4 1244 1
171 171 2 3 4 820 1
90 90 1 2 2 781 1
138 138 2 3 4 955 2
20 20 1 1 3 852 2
141 141 2 3 4 770 1
168 168 2 3 4 760 1
6 6 1 1 2 779 1
95 95 2 3 4 828 1
57 57 1 2 1 1010 2
72 72 1 2 1 737 1
54 54 1 2 2 665 1
101 101 2 3 4 813 1
149 149 2 3 4 874 1
40 40 1 1 3 993 1
122 122 2 3 4 1500 3
117 117 2 3 4 851 1
2 2 1 1 2 811 2
174 174 2 3 4 938 1
53 53 1 2 3 745 1
143 143 2 3 4 734 1
86 86 1 2 1 736 1
162 162 2 3 4 720 1
104 104 2 3 4 935 1
125 125 2 3 4 737 1
97 97 2 3 4 801 1
135 135 2 3 4 841 1
38 38 1 1 2 842 2
89 89 1 2 2 720 1
48 48 1 2 3 785 1
26 26 1 1 1 928 2
100 100 2 3 4 902 1
116 116 2 3 4 865 1
62 62 1 2 2 986 2
91 91 2 3 4 1106 1
70 70 1 2 1 720 1
75 75 1 2 2 1169 1
150 150 2 3 4 877 1
140 140 2 3 4 1014 2
41 41 1 1 1 1151 1
92 92 2 3 4 902 1
28 28 1 1 2 1216 2
15 15 1 1 1 1053 1
134 134 2 3 4 838 1
173 173 2 3 4 748 1
73 73 1 2 1 749 1
145 145 2 3 4 1070 1
153 153 2 3 4 926 1
1 1 1 1 1 1500 3
44 44 1 1 1 1074 1
106 106 2 3 4 692 1
147 147 2 3 4 813 1
22 22 1 1 1 886 1
148 148 2 3 4 776 1
114 114 2 3 4 840 1
151 151 2 3 4 958 1
76 76 1 2 1 838 1
8 8 1 1 2 928 1
46 46 1 2 3 772 1
61 61 1 2 3 640 1
32 32 1 1 3 1123 1
59 59 1 2 3 662 1
11 11 1 1 3 923 1
79 79 1 2 3 654 1
21 21 1 1 1 1080 1
120 120 2 3 4 1114 2
52 52 1 2 2 1192 1
127 127 2 3 4 820 1
128 128 2 3 4 1111 2
161 161 2 3 4 958 1
42 42 1 1 3 1157 1
33 33 1 1 2 988 2
68 68 1 2 3 708 1
51 51 1 2 1 689 1
84 84 1 2 2 677 1
142 142 2 3 4 778 1
163 163 2 3 4 831 1
14 14 1 1 1 1073 1
178 178 2 3 4 1116 2
83 83 1 2 2 761 1
39 39 1 1 1 885 1
74 74 1 2 3 1182 1
36 36 1 1 1 819 2
80 80 1 2 3 1095 2
170 170 2 3 4 798 1
177 177 2 3 4 766 1
23 23 1 1 2 1050 2
27 27 1 1 3 1091 1
165 165 2 3 4 913 1
65 65 1 2 3 655 1
17 17 1 1 3 977 2
64 64 1 2 1 814 2
129 129 2 3 4 718 1
124 124 2 3 4 775 1
66 66 1 2 3 647 1
133 133 2 3 4 822 1
119 119 2 3 4 826 1
169 169 2 3 4 761 1
99 99 2 3 4 706 1
139 139 2 3 4 740 1
12 12 1 1 2 889 2
109 109 2 3 4 896 1
87 87 1 2 2 1011 1
156 156 2 3 4 1162 2
93 93 2 3 4 1165 1
110 110 2 3 4 798 1
154 154 2 3 4 693 1
60 60 1 2 2 722 1
49 49 1 2 2 681 1
81 81 1 2 1 758 1
107 107 2 3 4 909 1
19 19 1 1 3 971 2
5 5 1 1 1 781 2
45 45 1 1 2 786 2
10 10 1 1 1 1061 1
29 29 1 1 2 1069 1
157 157 2 3 4 944 1
159 159 2 3 4 819 1
35 35 1 1 3 735 1
167 167 2 3 4 801 1
94 94 2 3 4 826 1
9 9 1 1 3 870 2
96 96 2 3 4 861 1
18 18 1 1 2 1046 1
78 78 1 2 1 1110 2
30 30 1 1 2 830 2
113 113 2 3 4 792 1
50 50 1 2 2 839 2
37 37 1 1 1 904 1
71 71 1 2 1 801 1
152 152 2 3 4 1197 2
164 164 2 3 4 799 2
160 160 2 3 4 814 1
55 55 1 2 2 654 1
69 69 1 2 3 874 1
