59 59 1 2 3 976 1
92 92 2 3 4 342 1
135 135 2 3 4 313 2
72 72 1 2 1 227 2
29 29 1 1 2 197 1
132 132 2 3 4 162 1
17 17 1 1 3 137 2
74 74 1 2 3 365 2
143 143 2 3 4 326 2
54 54 1 2 2 239 1
46 46 1 2 3 197 1
98 98 2 3 4 242 2
34 34 1 1 2 35 2
3 3 1 1 3 236 1
161 161 2 3 4 243 1
30 30 1 1 2 69 1
172 172 2 3 4 147 2
133 133 2 3 4 119 1
163 163 2 3 4 172 2
51 51 1 2 1 126 1
160 160 2 3 4 132 1
140 140 2 3 4 503 2
128 128 2 3 4 216 1
153 153 2 3 4 126 1
37 37 1 1 1 262 2
55 55 1 2 2 380 1
47 47 1 2 2 184 2
58 58 1 2 1 202 1
176 176 2 3 4 210 2
49 49 1 2 2 701 1
89 89 1 2 2 529 2
123 123 2 3 4 245 2
25 25 1 1 3 220 2
151 151 2 3 4 72 2
111 111 2 3 4 210 1
170 170 2 3 4 260 1
149 149 2 3 4 134 2
175 175 2 3 4 158 2
71 71 1 2 1 58 2
166 166 2 3 4 228 2
18 18 1 1 2 77 2
15 15 1 1 1 249 1
10 10 1 1 1 153 2
27 27 1 1 3 389 1
167 167 2 3 4 211 1
139 139 2 3 4 177 2
157 157 2 3 4 126 1
6 6 1 1 2 236 2
52 52 1 2 2 47 1
39 39 1 1 1 139 1
103 103 2 3 4 61 1
99 99 2 3 4 808 2
125 125 2 3 4 27 1
20 20 1 1 3 379 1
8 8 1 1 2 218 2
124 124 2 3 4 185 2
147 147 2 3 4 141 1
148 148 2 3 4 140 2
32 32 1 1 3 182 1
105 105 2 3 4 1500 3
53 53 1 2 3 375 2
57 57 1 2 1 605 1
155 155 2 3 4 104 1
118 118 2 3 4 93 2
35 35 1 1 3 250 1
97 97 2 3 4 476 1
23 23 1 1 2 126 1
83 83 1 2 2 62 2
44 44 1 1 1 599 1
48 48 1 2 3 219 1
154 154 2 3 4 53 2
5 5 1 1 1 67 1
50 50 1 2 2 79 1
70 70 1 2 1 121 1
60 60 1 2 2 95 1
136 136 2 3 4 143 1
28 28 1 1 2 183 2
7 7 1 1 1 216 1
93 93 2 3 4 262 2
67 67 1 2 1 137 2
116 116 2 3 4 58 2
107 107 2 3 4 129 2
126 126 2 3 4 209 1
156 156 2 3 4 160 2
131 131 2 3 4 114 1
24 24 1 1 2 25 1
88 88 1 2 1 491 2
94 94 2 3 4 36 2
41 41 1 1 1 190 1
171 171 2 3 4 155 2
40 40 1 1 3 6 2
81 81 1 2 1 81 1
19 19 1 1 3 54 1
79 79 1 2 3 990 1
22 22 1 1 1 392 2
16 16 1 1 3 57 1
114 114 2 3 4 515 1
14 14 1 1 1 109 1
61 61 1 2 3 147 2
87 87 1 2 2 12 1
69 69 1 2 3 118 1
174 174 2 3 4 110 1
142 142 2 3 4 497 2
120 120 2 3 4 162 2
64 64 1 2 1 83 1
144 144 2 3 4 50 1
45 45 1 1 2 78 1
76 76 1 2 1 94 2
162 162 2 3 4 15 2
11 11 1 1 3 176 2
43 43 1 1 3 129 2
36 36 1 1 1 134 2
65 65 1 2 3 119 2
12 12 1 1 2 125 1
165 165 2 3 4 289 2
77 77 1 2 1 33 1
168 168 2 3 4 676 1
95 95 2 3 4 152 2
178 178 2 3 4 156 2
1 1 1 1 1 202 1
129 129 2 3 4 168 1
100 100 2 3 4 177 1
85 85 1 2 3 152 1
4 4 1 1 1 183 1
91 91 2 3 4 191 1
104 104 2 3 4 66 2
108 108 2 3 4 240 1
141 141 2 3 4 130 2
121 121 2 3 4 109 2
78 78 1 2 1 204 1
33 33 1 1 2 38 2
82 82 1 2 3 122 1
80 80 1 2 3 582 1
62 62 1 2 2 1068 2
38 38 1 1 2 589 1
21 21 1 1 1 303 2
113 113 2 3 4 82 2
84 84 1 2 2 242 1
102 102 2 3 4 928 1
119 119 2 3 4 817 1
13 13 1 1 2 560 2
56 56 1 2 3 952 1
106 106 2 3 4 589 2
177 177 2 3 4 926 2
130 130 2 3 4 741 2
2 2 1 1 2 666 2
180 180 2 3 4 590 2
86 86 1 2 1 170 2
112 112 2 3 4 1500 3
127 127 2 3 4 378 2
117 117 2 3 4 207 2
146 146 2 3 4 209 2
75 75 1 2 2 39 2
109 109 2 3 4 134 2
9 9 1 1 3 66 2
150 150 2 3 4 519 2
90 90 1 2 2 188 2
26 26 1 1 1 309 1
110 110 2 3 4 457 2
68 68 1 2 3 679 1
138 138 2 3 4 724 1
66 66 1 2 3 267 1
152 152 2 3 4 305 2
169 169 2 3 4 265 1
134 134 2 3 4 97 2
137 137 2 3 4 173 2
73 73 1 2 1 34 2
31 31 1 1 3 465 1
158 158 2 3 4 243 2
173 173 2 3 4 141 1
115 115 2 3 4 320 2
63 63 1 2 2 305 1
101 101 2 3 4 31 2
96 96 2 3 4 53 1
159 159 2 3 4 1500 3
42 42 1 1 3 1500 3
145 145 2 3 4 614 2
122 122 2 3 4 347 1
179 179 2 3 4 123 2
164 164 2 3 4 146 2
