95 95 2 3 4 657 2
59 59 1 2 3 650 1
135 135 2 3 4 944 1
153 153 2 3 4 744 2
116 116 2 3 4 926 2
84 84 1 2 2 873 1
137 137 2 3 4 1021 1
5 5 1 1 1 944 2
68 68 1 2 3 756 1
45 45 1 1 2 830 1
175 175 2 3 4 1077 2
172 172 2 3 4 949 1
56 56 1 2 3 843 1
65 65 1 2 3 804 1
83 83 1 2 2 968 1
16 16 1 1 3 1236 1
20 20 1 1 3 971 2
139 139 2 3 4 880 1
53 53 1 2 3 831 1
123 123 2 3 4 792 1
120 120 2 3 4 872 1
19 19 1 1 3 885 2
174 174 2 3 4 1344 1
101 101 2 3 4 1156 1
55 55 1 2 2 736 1
40 40 1 1 3 789 1
166 166 2 3 4 1343 1
39 39 1 1 1 997 1
23 23 1 1 2 1103 2
131 131 2 3 4 1147 1
3 3 1 1 3 1500 3
6 6 1 1 2 900 1
171 171 2 3 4 1026 2
89 89 1 2 2 975 1
73 73 1 2 1 919 1
49 49 1 2 2 748 1
118 118 2 3 4 883 1
96 96 2 3 4 917 1
47 47 1 2 2 1025 1
70 70 1 2 1 868 1
180 180 2 3 4 999 1
99 99 2 3 4 773 1
128 128 2 3 4 785 2
80 80 1 2 3 1271 1
145 145 2 3 4 937 1
94 94 2 3 4 764 1
143 143 2 3 4 935 1
4 4 1 1 1 991 1
77 77 1 2 1 775 1
106 106 2 3 4 859 1
168 168 2 3 4 812 1
110 110 2 3 4 822 1
13 13 1 1 2 999 2
42 42 1 1 3 914 1
50 50 1 2 2 1060 1
103 103 2 3 4 791 1
132 132 2 3 4 746 1
36 36 1 1 1 1060 1
66 66 1 2 3 858 1
34 34 1 1 2 843 2
124 124 2 3 4 935 1
144 144 2 3 4 1104 1
75 75 1 2 2 1305 2
98 98 2 3 4 1040 1
25 25 1 1 3 1133 1
37 37 1 1 1 949 1
21 21 1 1 1 1035 1
10 10 1 1 1 883 2
85 85 1 2 3 950 1
86 86 1 2 1 830 2
1 1 1 1 1 1360 2
163 163 2 3 4 1128 1
111 111 2 3 4 702 1
91 91 2 3 4 1214 1
35 35 1 1 3 1089 2
8 8 1 1 2 832 1
156 156 2 3 4 896 1
178 178 2 3 4 912 1
129 129 2 3 4 1098 2
179 179 2 3 4 1500 3
159 159 2 3 4 816 2
160 160 2 3 4 789 1
58 58 1 2 1 727 1
173 173 2 3 4 1076 1
138 138 2 3 4 831 1
78 78 1 2 1 933 2
117 117 2 3 4 1158 1
54 54 1 2 2 907 1
62 62 1 2 2 754 1
61 61 1 2 3 1128 1
130 130 2 3 4 1083 1
81 81 1 2 1 772 1
162 162 2 3 4 989 2
105 105 2 3 4 887 1
92 92 2 3 4 1148 1
102 102 2 3 4 938 1
151 151 2 3 4 1325 1
44 44 1 1 1 802 1
46 46 1 2 3 761 1
43 43 1 1 3 1040 2
48 48 1 2 3 947 2
108 108 2 3 4 890 1
41 41 1 1 1 1249 1
154 154 2 3 4 869 1
38 38 1 1 2 855 1
113 113 2 3 4 1449 1
114 114 2 3 4 856 1
24 24 1 1 2 704 2
87 87 1 2 2 831 1
74 74 1 2 3 700 1
125 125 2 3 4 943 1
161 161 2 3 4 822 1
140 140 2 3 4 892 1
28 28 1 1 2 1355 1
165 165 2 3 4 874 1
27 27 1 1 3 755 2
82 82 1 2 3 737 1
157 157 2 3 4 898 1
148 148 2 3 4 1194 2
149 149 2 3 4 952 1
176 176 2 3 4 780 1
60 60 1 2 2 1046 2
127 127 2 3 4 1470 1
32 32 1 1 3 1291 2
158 158 2 3 4 1089 1
51 51 1 2 1 893 1
93 93 2 3 4 1060 1
170 170 2 3 4 949 1
71 71 1 2 1 776 1
67 67 1 2 1 958 2
167 167 2 3 4 985 1
22 22 1 1 1 1216 1
112 112 2 3 4 847 1
52 52 1 2 2 1423 2
88 88 1 2 1 820 2
90 90 1 2 2 830 1
169 169 2 3 4 848 1
109 109 2 3 4 1127 1
30 30 1 1 2 1232 1
33 33 1 1 2 1500 3
115 115 2 3 4 1407 1
12 12 1 1 2 981 2
17 17 1 1 3 989 2
14 14 1 1 1 1114 1
31 31 1 1 3 993 1
15 15 1 1 1 1156 1
29 29 1 1 2 1405 1
164 164 2 3 4 965 1
18 18 1 1 2 979 2
26 26 1 1 1 874 2
141 141 2 3 4 943 1
136 136 2 3 4 922 1
2 2 1 1 2 990 2
57 57 1 2 1 1082 1
122 122 2 3 4 1005 1
150 150 2 3 4 1511 1
9 9 1 1 3 1111 1
64 64 1 2 1 910 2
147 147 2 3 4 1500 3
126 126 2 3 4 988 1
72 72 1 2 1 835 2
97 97 2 3 4 763 1
133 133 2 3 4 1010 2
177 177 2 3 4 707 1
134 134 2 3 4 968 1
11 11 1 1 3 755 2
7 7 1 1 1 923 2
107 107 2 3 4 835 1
119 119 2 3 4 891 2
155 155 2 3 4 1005 1
79 79 1 2 3 1029 2
152 152 2 3 4 1205 2
146 146 2 3 4 714 1
100 100 2 3 4 807 1
76 76 1 2 1 909 2
63 63 1 2 2 1059 1
142 142 2 3 4 690 1
104 104 2 3 4 841 1
121 121 2 3 4 921 1
69 69 1 2 3 884 1
