94 94 2 3 4 1385 2
117 117 2 3 4 1500 3
89 89 1 2 2 852 2
17 17 1 1 3 586 1
87 87 1 2 2 825 1
66 66 1 2 3 520 1
138 138 2 3 4 578 2
178 178 2 3 4 573 2
160 160 2 3 4 682 2
6 6 1 1 2 762 1
81 81 1 2 1 719 2
128 128 2 3 4 521 2
5 5 1 1 1 666 1
61 61 1 2 3 616 2
90 90 1 2 2 791 2
31 31 1 1 3 464 2
27 27 1 1 3 462 2
71 71 1 2 1 564 1
80 80 1 2 3 585 2
139 139 2 3 4 695 1
134 134 2 3 4 434 2
103 103 2 3 4 304 2
9 9 1 1 3 391 1
30 30 1 1 2 304 1
101 101 2 3 4 337 2
54 54 1 2 2 385 1
1 1 1 1 1 641 2
126 126 2 3 4 453 2
171 171 2 3 4 439 2
22 22 1 1 1 302 2
120 120 2 3 4 247 2
115 115 2 3 4 258 1
11 11 1 1 3 603 2
15 15 1 1 1 473 2
75 75 1 2 2 574 2
174 174 2 3 4 671 1
130 130 2 3 4 687 2
170 170 2 3 4 1096 1
140 140 2 3 4 566 2
124 124 2 3 4 550 2
98 98 2 3 4 628 2
112 112 2 3 4 507 2
127 127 2 3 4 467 2
152 152 2 3 4 709 1
78 78 1 2 1 641 2
154 154 2 3 4 752 1
133 133 2 3 4 1260 2
2 2 1 1 2 384 2
131 131 2 3 4 1500 3
40 40 1 1 3 669 2
113 113 2 3 4 795 1
175 175 2 3 4 889 1
37 37 1 1 1 1408 1
3 3 1 1 3 660 1
145 145 2 3 4 381 2
46 46 1 2 3 397 2
107 107 2 3 4 634 2
13 13 1 1 2 387 1
16 16 1 1 3 414 1
119 119 2 3 4 385 2
58 58 1 2 1 402 1
73 73 1 2 1 348 1
21 21 1 1 1 362 2
68 68 1 2 3 520 1
85 85 1 2 3 184 2
69 69 1 2 3 245 2
144 144 2 3 4 440 1
20 20 1 1 3 399 2
10 10 1 1 1 450 1
129 129 2 3 4 422 1
108 108 2 3 4 319 1
99 99 2 3 4 319 1
96 96 2 3 4 1500 3
60 60 1 2 2 1500 3
12 12 1 1 2 1500 3
33 33 1 1 2 1500 3
29 29 1 1 2 338 2
135 135 2 3 4 538 1
74 74 1 2 3 126 1
39 39 1 1 1 248 2
62 62 1 2 2 217 2
163 163 2 3 4 318 1
7 7 1 1 1 244 2
92 92 2 3 4 207 2
65 65 1 2 3 269 2
116 116 2 3 4 309 1
121 121 2 3 4 473 1
14 14 1 1 1 586 1
95 95 2 3 4 523 1
84 84 1 2 2 686 2
82 82 1 2 3 571 2
56 56 1 2 3 456 1
180 180 2 3 4 649 1
36 36 1 1 1 508 2
86 86 1 2 1 543 2
79 79 1 2 3 549 1
179 179 2 3 4 472 1
53 53 1 2 3 558 2
63 63 1 2 2 519 2
147 147 2 3 4 538 1
164 164 2 3 4 533 1
48 48 1 2 3 623 2
42 42 1 1 3 702 2
114 114 2 3 4 677 1
146 146 2 3 4 499 1
4 4 1 1 1 532 2
57 57 1 2 1 532 2
172 172 2 3 4 554 1
35 35 1 1 3 554 2
24 24 1 1 2 539 2
23 23 1 1 2 539 2
125 125 2 3 4 639 1
59 59 1 2 3 427 1
97 97 2 3 4 541 2
70 70 1 2 1 201 2
50 50 1 2 2 594 2
118 118 2 3 4 406 2
156 156 2 3 4 291 1
41 41 1 1 1 489 1
177 177 2 3 4 571 1
157 157 2 3 4 478 1
105 105 2 3 4 1002 1
123 123 2 3 4 785 1
77 77 1 2 1 1339 2
34 34 1 1 2 697 1
148 148 2 3 4 708 2
72 72 1 2 1 630 2
122 122 2 3 4 729 2
106 106 2 3 4 531 1
168 168 2 3 4 290 2
159 159 2 3 4 522 2
93 93 2 3 4 565 2
161 161 2 3 4 810 1
165 165 2 3 4 348 2
88 88 1 2 1 523 2
55 55 1 2 2 670 2
64 64 1 2 1 1166 1
151 151 2 3 4 1237 1
111 111 2 3 4 1079 2
143 143 2 3 4 1282 1
158 158 2 3 4 599 1
173 173 2 3 4 612 1
142 142 2 3 4 561 2
43 43 1 1 3 139 2
136 136 2 3 4 473 1
176 176 2 3 4 626 1
104 104 2 3 4 650 1
25 25 1 1 3 607 2
83 83 1 2 2 769 2
47 47 1 2 2 643 1
38 38 1 1 2 303 2
32 32 1 1 3 270 1
51 51 1 2 1 671 1
137 137 2 3 4 659 2
153 153 2 3 4 560 1
44 44 1 1 1 244 1
132 132 2 3 4 448 2
19 19 1 1 3 496 1
18 18 1 1 2 749 2
141 141 2 3 4 460 2
162 162 2 3 4 452 2
76 76 1 2 1 445 2
8 8 1 1 2 565 1
166 166 2 3 4 368 2
167 167 2 3 4 457 1
155 155 2 3 4 388 1
110 110 2 3 4 352 2
49 49 1 2 2 637 1
91 91 2 3 4 371 1
102 102 2 3 4 318 2
67 67 1 2 1 279 1
150 150 2 3 4 320 2
45 45 1 1 2 266 2
26 26 1 1 1 239 2
52 52 1 2 2 228 2
28 28 1 1 2 236 2
169 169 2 3 4 288 1
149 149 2 3 4 316 1
100 100 2 3 4 639 1
109 109 2 3 4 446 1
