77 77 1 2 1 638 1
178 178 2 3 4 1132 1
101 101 2 3 4 1489 2
45 45 1 1 2 1316 2
5 5 1 1 1 979 1
120 120 2 3 4 1500 3
113 113 2 3 4 1124 2
73 73 1 2 1 1057 1
59 59 1 2 3 689 1
175 175 2 3 4 1024 1
174 174 2 3 4 942 1
127 127 2 3 4 1500 3
156 156 2 3 4 1123 1
49 49 1 2 2 667 1
169 169 2 3 4 1146 1
165 165 2 3 4 1500 3
11 11 1 1 3 926 2
4 4 1 1 1 737 2
60 60 1 2 2 592 1
38 38 1 1 2 581 1
145 145 2 3 4 837 1
58 58 1 2 1 886 1
173 173 2 3 4 761 1
51 51 1 2 1 673 1
141 141 2 3 4 1078 1
9 9 1 1 3 818 1
138 138 2 3 4 790 1
13 13 1 1 2 1500 3
163 163 2 3 4 913 1
54 54 1 2 2 781 2
16 16 1 1 3 609 2
171 171 2 3 4 1036 1
14 14 1 1 1 1000 2
151 151 2 3 4 685 1
150 150 2 3 4 745 1
6 6 1 1 2 753 1
20 20 1 1 3 992 1
29 29 1 1 2 1261 1
112 112 2 3 4 716 1
108 108 2 3 4 679 1
23 23 1 1 2 857 2
159 159 2 3 4 652 1
114 114 2 3 4 741 1
41 41 1 1 1 1125 1
92 92 2 3 4 890 1
167 167 2 3 4 1366 1
53 53 1 2 3 758 1
36 36 1 1 1 1135 1
102 102 2 3 4 769 1
164 164 2 3 4 903 2
67 67 1 2 1 785 1
21 21 1 1 1 1012 2
142 142 2 3 4 787 1
86 86 1 2 1 944 1
82 82 1 2 3 760 1
35 35 1 1 3 1237 1
30 30 1 1 2 837 1
18 18 1 1 2 854 1
176 176 2 3 4 724 1
39 39 1 1 1 841 1
96 96 2 3 4 877 1
139 139 2 3 4 743 1
144 144 2 3 4 679 1
62 62 1 2 2 833 1
76 76 1 2 1 749 1
91 91 2 3 4 960 1
1 1 1 1 1 961 2
85 85 1 2 3 1087 2
149 149 2 3 4 1441 1
74 74 1 2 3 1259 1
94 94 2 3 4 890 1
25 25 1 1 3 1397 1
7 7 1 1 1 753 1
8 8 1 1 2 724 2
129 129 2 3 4 660 1
109 109 2 3 4 602 1
89 89 1 2 2 888 2
105 105 2 3 4 842 2
50 50 1 2 2 684 1
115 115 2 3 4 888 2
28 28 1 1 2 1388 2
64 64 1 2 1 672 1
26 26 1 1 1 1150 1
56 56 1 2 3 638 1
78 78 1 2 1 744 1
168 168 2 3 4 699 1
15 15 1 1 1 904 1
170 170 2 3 4 899 1
43 43 1 1 3 724 2
55 55 1 2 2 1500 3
12 12 1 1 2 902 2
140 140 2 3 4 769 1
158 158 2 3 4 910 1
123 123 2 3 4 859 1
132 132 2 3 4 739 1
88 88 1 2 1 732 1
148 148 2 3 4 945 1
119 119 2 3 4 767 1
37 37 1 1 1 690 2
65 65 1 2 3 620 1
134 134 2 3 4 1500 3
107 107 2 3 4 709 1
124 124 2 3 4 1184 1
75 75 1 2 2 771 1
63 63 1 2 2 1500 3
137 137 2 3 4 908 2
81 81 1 2 1 703 1
47 47 1 2 2 712 1
40 40 1 1 3 1024 2
27 27 1 1 3 992 2
99 99 2 3 4 691 1
133 133 2 3 4 928 1
80 80 1 2 3 781 2
147 147 2 3 4 1424 2
97 97 2 3 4 1070 1
72 72 1 2 1 677 1
93 93 2 3 4 737 1
3 3 1 1 3 690 2
66 66 1 2 3 715 1
100 100 2 3 4 1214 1
117 117 2 3 4 848 1
116 116 2 3 4 1393 1
155 155 2 3 4 831 1
152 152 2 3 4 744 1
160 160 2 3 4 632 1
34 34 1 1 2 654 2
22 22 1 1 1 1130 1
87 87 1 2 2 722 2
84 84 1 2 2 681 1
161 161 2 3 4 854 1
19 19 1 1 3 766 2
95 95 2 3 4 789 1
98 98 2 3 4 946 1
146 146 2 3 4 1113 1
57 57 1 2 1 815 1
33 33 1 1 2 847 2
103 103 2 3 4 831 1
79 79 1 2 3 659 2
162 162 2 3 4 619 1
110 110 2 3 4 586 1
44 44 1 1 1 879 1
121 121 2 3 4 830 1
52 52 1 2 2 702 2
106 106 2 3 4 615 1
122 122 2 3 4 816 1
135 135 2 3 4 640 1
136 136 2 3 4 593 1
153 153 2 3 4 591 1
46 46 1 2 3 728 2
172 172 2 3 4 1069 1
17 17 1 1 3 683 2
128 128 2 3 4 1165 1
118 118 2 3 4 665 1
179 179 2 3 4 1047 1
61 61 1 2 3 871 1
32 32 1 1 3 710 2
42 42 1 1 3 816 1
180 180 2 3 4 694 1
69 69 1 2 3 967 2
68 68 1 2 3 1000 1
10 10 1 1 1 704 2
130 130 2 3 4 895 1
31 31 1 1 3 544 2
154 154 2 3 4 734 1
166 166 2 3 4 1112 1
143 143 2 3 4 944 2
2 2 1 1 2 751 2
24 24 1 1 2 502 2
70 70 1 2 1 1428 1
71 71 1 2 1 653 2
111 111 2 3 4 688 1
83 83 1 2 2 1076 2
125 125 2 3 4 624 1
157 157 2 3 4 970 2
48 48 1 2 3 690 2
177 177 2 3 4 643 1
126 126 2 3 4 898 1
131 131 2 3 4 970 1
90 90 1 2 2 781 2
104 104 2 3 4 1053 2
