139 139 2 3 4 1220 1
10 10 1 1 1 919 1
145 145 2 3 4 291 1
105 105 2 3 4 457 2
9 9 1 1 3 741 1
147 147 2 3 4 591 2
177 177 2 3 4 792 2
113 113 2 3 4 588 2
31 31 1 1 3 534 1
172 172 2 3 4 485 2
47 47 1 2 2 602 1
133 133 2 3 4 362 1
126 126 2 3 4 278 2
8 8 1 1 2 374 2
97 97 2 3 4 265 2
100 100 2 3 4 180 1
5 5 1 1 1 229 1
134 134 2 3 4 144 1
179 179 2 3 4 185 2
116 116 2 3 4 258 1
51 51 1 2 1 113 1
175 175 2 3 4 211 1
84 84 1 2 2 81 1
171 171 2 3 4 228 1
166 166 2 3 4 72 2
76 76 1 2 1 301 2
74 74 1 2 3 211 1
19 19 1 1 3 268 1
29 29 1 1 2 328 1
141 141 2 3 4 272 2
41 41 1 1 1 306 1
48 48 1 2 3 355 2
30 30 1 1 2 392 1
160 160 2 3 4 512 2
42 42 1 1 3 532 2
180 180 2 3 4 514 2
86 86 1 2 1 395 2
143 143 2 3 4 460 1
123 123 2 3 4 575 1
59 59 1 2 3 369 1
65 65 1 2 3 495 1
22 22 1 1 1 561 1
154 154 2 3 4 834 2
11 11 1 1 3 547 1
150 150 2 3 4 547 2
63 63 1 2 2 342 2
49 49 1 2 2 525 2
40 40 1 1 3 616 2
132 132 2 3 4 350 2
146 146 2 3 4 362 2
4 4 1 1 1 347 1
34 34 1 1 2 334 2
98 98 2 3 4 12 2
57 57 1 2 1 305 1
79 79 1 2 3 334 1
53 53 1 2 3 283 2
162 162 2 3 4 170 2
110 110 2 3 4 287 2
36 36 1 1 1 401 1
89 89 1 2 2 250 2
140 140 2 3 4 144 2
21 21 1 1 1 352 1
138 138 2 3 4 356 2
18 18 1 1 2 252 1
114 114 2 3 4 247 2
148 148 2 3 4 223 1
6 6 1 1 2 139 1
168 168 2 3 4 319 2
127 127 2 3 4 122 2
93 93 2 3 4 262 2
73 73 1 2 1 442 1
58 58 1 2 1 453 1
101 101 2 3 4 453 2
90 90 1 2 2 501 1
112 112 2 3 4 406 2
159 159 2 3 4 330 2
72 72 1 2 1 300 1
137 137 2 3 4 316 1
2 2 1 1 2 110 1
15 15 1 1 1 559 1
122 122 2 3 4 1078 2
46 46 1 2 3 1351 1
20 20 1 1 3 666 2
136 136 2 3 4 400 2
87 87 1 2 2 524 2
45 45 1 1 2 319 1
142 142 2 3 4 671 2
13 13 1 1 2 505 2
102 102 2 3 4 403 2
164 164 2 3 4 710 2
129 129 2 3 4 824 2
95 95 2 3 4 767 2
17 17 1 1 3 754 2
152 152 2 3 4 343 2
24 24 1 1 2 595 1
1 1 1 1 1 420 2
66 66 1 2 3 334 1
23 23 1 1 2 658 1
96 96 2 3 4 1068 1
107 107 2 3 4 338 2
174 174 2 3 4 596 2
155 155 2 3 4 671 1
35 35 1 1 3 342 1
131 131 2 3 4 785 1
55 55 1 2 2 473 1
109 109 2 3 4 560 2
91 91 2 3 4 825 2
54 54 1 2 2 852 1
62 62 1 2 2 730 1
106 106 2 3 4 505 1
68 68 1 2 3 425 1
161 161 2 3 4 883 1
151 151 2 3 4 768 1
39 39 1 1 1 837 1
173 173 2 3 4 855 2
38 38 1 1 2 1003 1
156 156 2 3 4 872 2
115 115 2 3 4 1017 1
163 163 2 3 4 543 2
69 69 1 2 3 849 1
3 3 1 1 3 771 1
44 44 1 1 1 509 2
157 157 2 3 4 350 2
33 33 1 1 2 553 1
119 119 2 3 4 974 2
12 12 1 1 2 707 1
60 60 1 2 2 673 1
32 32 1 1 3 501 1
7 7 1 1 1 630 1
56 56 1 2 3 683 1
67 67 1 2 1 636 2
85 85 1 2 3 267 1
158 158 2 3 4 467 2
82 82 1 2 3 448 1
118 118 2 3 4 408 1
128 128 2 3 4 525 2
16 16 1 1 3 437 2
144 144 2 3 4 247 2
135 135 2 3 4 325 2
75 75 1 2 2 467 1
99 99 2 3 4 681 2
108 108 2 3 4 649 2
43 43 1 1 3 935 1
170 170 2 3 4 708 2
88 88 1 2 1 642 1
111 111 2 3 4 611 2
28 28 1 1 2 546 1
71 71 1 2 1 833 2
26 26 1 1 1 625 1
176 176 2 3 4 630 1
52 52 1 2 2 707 1
178 178 2 3 4 698 1
125 125 2 3 4 633 1
103 103 2 3 4 754 1
104 104 2 3 4 520 2
124 124 2 3 4 538 2
165 165 2 3 4 896 1
117 117 2 3 4 389 2
81 81 1 2 1 793 2
61 61 1 2 3 424 1
78 78 1 2 1 475 1
120 120 2 3 4 791 2
70 70 1 2 1 951 2
92 92 2 3 4 336 2
121 121 2 3 4 835 1
149 149 2 3 4 456 2
167 167 2 3 4 822 1
64 64 1 2 1 398 1
37 37 1 1 1 749 1
83 83 1 2 2 748 1
14 14 1 1 1 639 2
153 153 2 3 4 783 2
94 94 2 3 4 440 2
169 169 2 3 4 965 1
130 130 2 3 4 654 2
27 27 1 1 3 729 2
77 77 1 2 1 411 1
80 80 1 2 3 404 2
50 50 1 2 2 326 1
25 25 1 1 3 481 1
