130 130 2 3 4 758 2
167 167 2 3 4 1159 1
174 174 2 3 4 425 1
79 79 1 2 3 117 1
151 151 2 3 4 18 1
44 44 1 1 1 88 1
135 135 2 3 4 1087 1
60 60 1 2 2 9 1
124 124 2 3 4 51 1
169 169 2 3 4 722 2
80 80 1 2 3 559 2
45 45 1 1 2 1500 3
84 84 1 2 2 563 2
147 147 2 3 4 265 2
97 97 2 3 4 105 1
63 63 1 2 2 356 2
49 49 1 2 2 468 2
103 103 2 3 4 246 1
115 115 2 3 4 366 1
152 152 2 3 4 689 1
46 46 1 2 3 650 2
91 91 2 3 4 14 2
42 42 1 1 3 124 2
168 168 2 3 4 788 2
36 36 1 1 1 234 2
59 59 1 2 3 122 1
163 163 2 3 4 1433 1
164 164 2 3 4 1204 1
111 111 2 3 4 273 1
149 149 2 3 4 58 2
153 153 2 3 4 979 2
93 93 2 3 4 37 2
66 66 1 2 3 1500 3
9 9 1 1 3 1500 3
50 50 1 2 2 845 2
96 96 2 3 4 152 1
170 170 2 3 4 397 1
92 92 2 3 4 207 1
20 20 1 1 3 42 2
76 76 1 2 1 176 2
75 75 1 2 2 93 2
154 154 2 3 4 158 2
140 140 2 3 4 225 2
31 31 1 1 3 201 1
99 99 2 3 4 884 1
34 34 1 1 2 1500 3
156 156 2 3 4 1500 3
146 146 2 3 4 636 1
85 85 1 2 3 1500 3
107 107 2 3 4 116 1
129 129 2 3 4 88 1
108 108 2 3 4 515 1
172 172 2 3 4 30 1
71 71 1 2 1 65 2
86 86 1 2 1 1500 3
142 142 2 3 4 706 1
145 145 2 3 4 297 1
171 171 2 3 4 306 2
150 150 2 3 4 22 2
47 47 1 2 2 20 1
23 23 1 1 2 47 1
178 178 2 3 4 221 1
26 26 1 1 1 23 2
100 100 2 3 4 389 1
28 28 1 1 2 905 2
106 106 2 3 4 220 1
27 27 1 1 3 738 2
81 81 1 2 1 1500 3
54 54 1 2 2 72 1
175 175 2 3 4 115 2
123 123 2 3 4 182 1
83 83 1 2 2 194 2
72 72 1 2 1 284 2
136 136 2 3 4 231 1
157 157 2 3 4 56 1
43 43 1 1 3 449 2
95 95 2 3 4 472 1
114 114 2 3 4 69 1
24 24 1 1 2 713 2
112 112 2 3 4 1003 1
105 105 2 3 4 415 1
162 162 2 3 4 358 1
37 37 1 1 1 512 2
5 5 1 1 1 1500 3
10 10 1 1 1 302 2
35 35 1 1 3 1438 2
22 22 1 1 1 194 1
137 137 2 3 4 76 1
19 19 1 1 3 95 1
158 158 2 3 4 84 2
16 16 1 1 3 7 1
70 70 1 2 1 104 1
125 125 2 3 4 88 2
32 32 1 1 3 207 2
104 104 2 3 4 12 1
3 3 1 1 3 1500 3
25 25 1 1 3 1500 3
65 65 1 2 3 200 2
77 77 1 2 1 1500 3
88 88 1 2 1 1500 3
74 74 1 2 3 8 1
90 90 1 2 2 47 2
131 131 2 3 4 206 1
121 121 2 3 4 75 1
14 14 1 1 1 85 2
120 120 2 3 4 157 1
62 62 1 2 2 9 1
30 30 1 1 2 1500 3
87 87 1 2 2 1500 3
173 173 2 3 4 1500 3
69 69 1 2 3 1500 3
144 144 2 3 4 388 1
148 148 2 3 4 44 2
98 98 2 3 4 170 1
33 33 1 1 2 92 1
56 56 1 2 3 384 2
13 13 1 1 2 448 1
11 11 1 1 3 289 1
67 67 1 2 1 407 1
102 102 2 3 4 587 1
18 18 1 1 2 1500 3
4 4 1 1 1 163 1
17 17 1 1 3 95 2
159 159 2 3 4 130 1
180 180 2 3 4 41 1
165 165 2 3 4 17 1
61 61 1 2 3 206 1
38 38 1 1 2 134 1
53 53 1 2 3 103 1
177 177 2 3 4 1127 1
41 41 1 1 1 1500 3
119 119 2 3 4 1500 3
48 48 1 2 3 1500 3
94 94 2 3 4 1500 3
139 139 2 3 4 1500 3
133 133 2 3 4 1500 3
176 176 2 3 4 1500 3
138 138 2 3 4 1500 3
127 127 2 3 4 1500 3
1 1 1 1 1 1500 3
101 101 2 3 4 1500 3
57 57 1 2 1 1500 3
134 134 2 3 4 1500 3
6 6 1 1 2 1500 3
109 109 2 3 4 196 1
126 126 2 3 4 1500 3
110 110 2 3 4 161 2
117 117 2 3 4 1500 3
68 68 1 2 3 545 1
73 73 1 2 1 1500 3
64 64 1 2 1 561 2
29 29 1 1 2 160 1
128 128 2 3 4 364 2
155 155 2 3 4 201 2
161 161 2 3 4 41 2
8 8 1 1 2 959 1
2 2 1 1 2 836 2
89 89 1 2 2 797 1
51 51 1 2 1 722 2
78 78 1 2 1 1104 1
132 132 2 3 4 971 1
7 7 1 1 1 746 1
166 166 2 3 4 742 1
160 160 2 3 4 495 2
116 116 2 3 4 451 1
82 82 1 2 3 754 1
58 58 1 2 1 978 2
40 40 1 1 3 930 1
179 179 2 3 4 979 1
143 143 2 3 4 1099 2
21 21 1 1 1 980 2
15 15 1 1 1 876 1
122 122 2 3 4 891 1
52 52 1 2 2 854 1
39 39 1 1 1 808 2
141 141 2 3 4 958 2
113 113 2 3 4 855 1
12 12 1 1 2 676 1
55 55 1 2 2 765 2
118 118 2 3 4 768 2
