152 152 2 3 4 642 2
174 174 2 3 4 785 1
114 114 2 3 4 810 2
52 52 1 2 2 635 2
163 163 2 3 4 719 1
175 175 2 3 4 746 1
19 19 1 1 3 695 1
153 153 2 3 4 726 2
157 157 2 3 4 822 2
162 162 2 3 4 721 1
126 126 2 3 4 801 1
125 125 2 3 4 850 1
58 58 1 2 1 832 2
15 15 1 1 1 796 2
81 81 1 2 1 766 1
13 13 1 1 2 717 1
23 23 1 1 2 735 1
89 89 1 2 2 773 2
27 27 1 1 3 783 2
95 95 2 3 4 849 1
69 69 1 2 3 854 1
173 173 2 3 4 740 1
76 76 1 2 1 856 1
130 130 2 3 4 791 1
85 85 1 2 3 663 1
86 86 1 2 1 720 1
55 55 1 2 2 696 1
8 8 1 1 2 704 1
29 29 1 1 2 647 1
170 170 2 3 4 747 2
10 10 1 1 1 802 1
127 127 2 3 4 661 1
32 32 1 1 3 922 2
135 135 2 3 4 718 1
82 82 1 2 3 745 2
151 151 2 3 4 686 2
28 28 1 1 2 644 1
118 118 2 3 4 654 2
79 79 1 2 3 623 1
51 51 1 2 1 628 1
147 147 2 3 4 702 2
177 177 2 3 4 739 1
74 74 1 2 3 590 2
64 64 1 2 1 564 1
138 138 2 3 4 574 2
120 120 2 3 4 587 2
34 34 1 1 2 613 1
101 101 2 3 4 675 1
179 179 2 3 4 617 1
144 144 2 3 4 762 1
100 100 2 3 4 645 1
21 21 1 1 1 549 1
172 172 2 3 4 630 2
117 117 2 3 4 652 2
112 112 2 3 4 605 1
168 168 2 3 4 597 2
57 57 1 2 1 668 1
169 169 2 3 4 678 2
40 40 1 1 3 595 1
134 134 2 3 4 568 1
146 146 2 3 4 558 1
87 87 1 2 2 875 1
102 102 2 3 4 730 1
121 121 2 3 4 767 1
143 143 2 3 4 641 1
133 133 2 3 4 707 2
31 31 1 1 3 548 2
43 43 1 1 3 712 1
116 116 2 3 4 776 1
156 156 2 3 4 647 2
48 48 1 2 3 661 2
80 80 1 2 3 618 2
53 53 1 2 3 724 2
70 70 1 2 1 652 1
158 158 2 3 4 614 2
14 14 1 1 1 631 1
24 24 1 1 2 630 1
165 165 2 3 4 869 2
50 50 1 2 2 659 1
26 26 1 1 1 500 2
12 12 1 1 2 613 2
150 150 2 3 4 590 1
46 46 1 2 3 513 2
160 160 2 3 4 517 1
99 99 2 3 4 629 2
60 60 1 2 2 532 2
97 97 2 3 4 601 2
17 17 1 1 3 541 1
71 71 1 2 1 793 1
44 44 1 1 1 593 1
167 167 2 3 4 685 2
107 107 2 3 4 677 2
35 35 1 1 3 706 1
109 109 2 3 4 766 1
178 178 2 3 4 626 1
104 104 2 3 4 573 1
103 103 2 3 4 579 1
39 39 1 1 1 468 1
67 67 1 2 1 629 1
108 108 2 3 4 529 2
136 136 2 3 4 572 1
94 94 2 3 4 657 1
149 149 2 3 4 538 1
142 142 2 3 4 463 1
38 38 1 1 2 621 1
84 84 1 2 2 554 2
47 47 1 2 2 627 1
22 22 1 1 1 589 1
5 5 1 1 1 634 1
176 176 2 3 4 629 1
132 132 2 3 4 659 2
166 166 2 3 4 725 2
56 56 1 2 3 505 2
124 124 2 3 4 586 2
72 72 1 2 1 572 2
20 20 1 1 3 706 1
180 180 2 3 4 544 1
18 18 1 1 2 715 1
171 171 2 3 4 666 2
62 62 1 2 2 664 2
16 16 1 1 3 862 2
61 61 1 2 3 513 2
113 113 2 3 4 544 2
25 25 1 1 3 642 1
106 106 2 3 4 544 1
54 54 1 2 2 609 1
93 93 2 3 4 571 2
78 78 1 2 1 582 1
6 6 1 1 2 498 1
145 145 2 3 4 521 2
105 105 2 3 4 582 2
129 129 2 3 4 672 1
45 45 1 1 2 492 2
65 65 1 2 3 520 2
123 123 2 3 4 514 2
7 7 1 1 1 515 1
92 92 2 3 4 556 2
1 1 1 1 1 551 1
63 63 1 2 2 474 1
11 11 1 1 3 430 2
159 159 2 3 4 537 2
128 128 2 3 4 529 1
155 155 2 3 4 390 2
137 137 2 3 4 469 2
91 91 2 3 4 496 2
119 119 2 3 4 552 1
3 3 1 1 3 397 1
110 110 2 3 4 429 2
37 37 1 1 1 489 1
9 9 1 1 3 400 2
66 66 1 2 3 351 1
154 154 2 3 4 432 2
139 139 2 3 4 360 2
41 41 1 1 1 370 1
90 90 1 2 2 446 1
4 4 1 1 1 396 1
83 83 1 2 2 525 1
140 140 2 3 4 473 2
161 161 2 3 4 401 2
141 141 2 3 4 393 1
59 59 1 2 3 434 1
75 75 1 2 2 469 2
148 148 2 3 4 350 2
164 164 2 3 4 423 2
33 33 1 1 2 426 1
42 42 1 1 3 445 1
73 73 1 2 1 365 2
36 36 1 1 1 341 1
96 96 2 3 4 519 2
68 68 1 2 3 384 2
77 77 1 2 1 347 1
131 131 2 3 4 376 2
88 88 1 2 1 358 2
49 49 1 2 2 474 2
115 115 2 3 4 441 2
30 30 1 1 2 433 1
2 2 1 1 2 437 1
122 122 2 3 4 579 2
111 111 2 3 4 438 1
98 98 2 3 4 563 1
