77 77 1 2 1 778 1
40 40 1 1 3 845 1
159 159 2 3 4 684 2
157 157 2 3 4 1087 1
5 5 1 1 1 943 1
153 153 2 3 4 776 1
52 52 1 2 2 876 1
42 42 1 1 3 644 2
151 151 2 3 4 993 1
15 15 1 1 1 758 1
144 144 2 3 4 878 2
131 131 2 3 4 946 1
41 41 1 1 1 934 2
137 137 2 3 4 1500 3
102 102 2 3 4 1500 3
124 124 2 3 4 683 2
94 94 2 3 4 1490 2
63 63 1 2 2 714 2
38 38 1 1 2 712 1
43 43 1 1 3 1412 2
11 11 1 1 3 766 1
168 168 2 3 4 819 2
49 49 1 2 2 589 1
149 149 2 3 4 806 2
109 109 2 3 4 897 2
115 115 2 3 4 726 2
18 18 1 1 2 812 2
92 92 2 3 4 750 2
140 140 2 3 4 877 1
101 101 2 3 4 743 1
138 138 2 3 4 722 1
4 4 1 1 1 880 2
78 78 1 2 1 713 1
51 51 1 2 1 738 1
55 55 1 2 2 667 1
99 99 2 3 4 832 2
16 16 1 1 3 953 1
61 61 1 2 3 622 1
105 105 2 3 4 881 1
79 79 1 2 3 808 2
100 100 2 3 4 791 1
10 10 1 1 1 885 1
58 58 1 2 1 986 1
35 35 1 1 3 1500 3
73 73 1 2 1 606 1
174 174 2 3 4 979 1
116 116 2 3 4 944 1
53 53 1 2 3 611 1
80 80 1 2 3 661 1
179 179 2 3 4 867 1
75 75 1 2 2 657 1
22 22 1 1 1 731 2
119 119 2 3 4 741 1
96 96 2 3 4 778 2
34 34 1 1 2 830 2
95 95 2 3 4 721 1
32 32 1 1 3 753 2
70 70 1 2 1 611 2
83 83 1 2 2 516 1
31 31 1 1 3 682 1
112 112 2 3 4 652 1
12 12 1 1 2 685 2
47 47 1 2 2 682 1
19 19 1 1 3 739 1
44 44 1 1 1 596 1
145 145 2 3 4 812 1
86 86 1 2 1 601 1
162 162 2 3 4 678 1
8 8 1 1 2 796 2
139 139 2 3 4 694 2
14 14 1 1 1 608 1
90 90 1 2 2 609 1
148 148 2 3 4 561 2
81 81 1 2 1 666 2
30 30 1 1 2 568 1
2 2 1 1 2 1500 3
169 169 2 3 4 701 1
48 48 1 2 3 570 1
125 125 2 3 4 672 1
132 132 2 3 4 579 2
180 180 2 3 4 706 1
89 89 1 2 2 527 1
24 24 1 1 2 519 1
120 120 2 3 4 523 2
26 26 1 1 1 545 1
110 110 2 3 4 725 1
121 121 2 3 4 600 1
123 123 2 3 4 627 1
133 133 2 3 4 671 2
118 118 2 3 4 605 1
142 142 2 3 4 652 1
25 25 1 1 3 612 1
147 147 2 3 4 569 1
164 164 2 3 4 644 2
175 175 2 3 4 663 2
23 23 1 1 2 519 1
108 108 2 3 4 382 1
46 46 1 2 3 551 2
66 66 1 2 3 582 1
21 21 1 1 1 706 2
69 69 1 2 3 620 1
113 113 2 3 4 583 2
98 98 2 3 4 946 1
163 163 2 3 4 672 2
114 114 2 3 4 680 1
62 62 1 2 2 925 2
176 176 2 3 4 644 2
127 127 2 3 4 681 1
67 67 1 2 1 662 1
111 111 2 3 4 1058 2
64 64 1 2 1 696 1
50 50 1 2 2 589 1
134 134 2 3 4 587 1
161 161 2 3 4 583 1
155 155 2 3 4 618 1
28 28 1 1 2 460 1
37 37 1 1 1 590 1
57 57 1 2 1 834 2
6 6 1 1 2 638 1
7 7 1 1 1 712 2
76 76 1 2 1 609 1
93 93 2 3 4 675 1
82 82 1 2 3 564 1
29 29 1 1 2 627 1
13 13 1 1 2 506 2
160 160 2 3 4 1500 3
171 171 2 3 4 615 1
33 33 1 1 2 728 2
156 156 2 3 4 615 2
126 126 2 3 4 636 1
129 129 2 3 4 803 1
27 27 1 1 3 735 2
91 91 2 3 4 647 1
56 56 1 2 3 575 1
103 103 2 3 4 586 2
107 107 2 3 4 709 1
106 106 2 3 4 611 1
54 54 1 2 2 753 1
74 74 1 2 3 636 1
60 60 1 2 2 557 1
117 117 2 3 4 533 1
122 122 2 3 4 574 1
141 141 2 3 4 732 2
20 20 1 1 3 665 2
128 128 2 3 4 724 2
152 152 2 3 4 773 1
1 1 1 1 1 615 2
143 143 2 3 4 717 1
17 17 1 1 3 663 2
87 87 1 2 2 652 1
88 88 1 2 1 615 1
130 130 2 3 4 561 1
158 158 2 3 4 942 1
150 150 2 3 4 626 1
104 104 2 3 4 623 1
97 97 2 3 4 621 1
36 36 1 1 1 676 1
135 135 2 3 4 690 1
136 136 2 3 4 665 1
178 178 2 3 4 611 1
170 170 2 3 4 648 1
146 146 2 3 4 583 1
65 65 1 2 3 689 1
71 71 1 2 1 673 1
3 3 1 1 3 636 2
85 85 1 2 3 720 1
154 154 2 3 4 508 1
45 45 1 1 2 503 2
68 68 1 2 3 675 2
9 9 1 1 3 565 2
173 173 2 3 4 787 1
177 177 2 3 4 573 2
39 39 1 1 1 581 2
166 166 2 3 4 750 2
84 84 1 2 2 556 1
165 165 2 3 4 652 1
59 59 1 2 3 556 1
172 172 2 3 4 565 1
72 72 1 2 1 1013 1
167 167 2 3 4 553 1
