157 157 2 3 4 709 1
173 173 2 3 4 777 1
144 144 2 3 4 748 1
118 118 2 3 4 631 1
35 35 1 1 3 597 1
145 145 2 3 4 673 2
75 75 1 2 2 616 1
59 59 1 2 3 540 1
63 63 1 2 2 615 1
98 98 2 3 4 658 1
73 73 1 2 1 964 1
42 42 1 1 3 755 2
156 156 2 3 4 643 1
9 9 1 1 3 635 2
92 92 2 3 4 667 2
171 171 2 3 4 996 1
76 76 1 2 1 634 1
18 18 1 1 2 764 1
99 99 2 3 4 700 1
114 114 2 3 4 803 2
77 77 1 2 1 542 1
62 62 1 2 2 705 1
4 4 1 1 1 696 1
143 143 2 3 4 723 2
24 24 1 1 2 1500 3
2 2 1 1 2 892 2
169 169 2 3 4 552 1
83 83 1 2 2 740 2
116 116 2 3 4 744 1
67 67 1 2 1 803 1
101 101 2 3 4 691 1
160 160 2 3 4 687 1
16 16 1 1 3 584 1
70 70 1 2 1 646 1
72 72 1 2 1 616 1
111 111 2 3 4 625 1
12 12 1 1 2 556 1
164 164 2 3 4 784 2
174 174 2 3 4 669 2
104 104 2 3 4 590 2
175 175 2 3 4 609 1
158 158 2 3 4 586 1
125 125 2 3 4 556 1
153 153 2 3 4 574 1
43 43 1 1 3 511 2
61 61 1 2 3 789 1
65 65 1 2 3 520 1
40 40 1 1 3 701 1
45 45 1 1 2 723 2
134 134 2 3 4 896 1
172 172 2 3 4 624 1
6 6 1 1 2 836 2
69 69 1 2 3 566 2
110 110 2 3 4 688 1
41 41 1 1 1 676 1
74 74 1 2 3 576 1
119 119 2 3 4 577 1
121 121 2 3 4 617 1
31 31 1 1 3 794 2
159 159 2 3 4 711 1
152 152 2 3 4 564 1
50 50 1 2 2 724 1
147 147 2 3 4 793 1
60 60 1 2 2 651 1
20 20 1 1 3 676 2
155 155 2 3 4 1283 1
3 3 1 1 3 930 2
47 47 1 2 2 923 1
108 108 2 3 4 625 1
93 93 2 3 4 586 1
128 128 2 3 4 729 2
105 105 2 3 4 600 1
29 29 1 1 2 997 2
130 130 2 3 4 607 1
23 23 1 1 2 720 2
87 87 1 2 2 755 1
117 117 2 3 4 752 1
86 86 1 2 1 684 1
150 150 2 3 4 602 1
103 103 2 3 4 1154 1
178 178 2 3 4 789 1
97 97 2 3 4 957 1
132 132 2 3 4 1276 1
165 165 2 3 4 737 1
64 64 1 2 1 723 1
124 124 2 3 4 928 1
129 129 2 3 4 827 1
161 161 2 3 4 1113 1
7 7 1 1 1 668 2
10 10 1 1 1 654 2
149 149 2 3 4 883 1
71 71 1 2 1 841 2
139 139 2 3 4 813 1
95 95 2 3 4 738 1
180 180 2 3 4 816 1
57 57 1 2 1 1070 1
28 28 1 1 2 723 1
148 148 2 3 4 635 1
21 21 1 1 1 697 2
112 112 2 3 4 490 1
135 135 2 3 4 803 1
26 26 1 1 1 548 2
36 36 1 1 1 707 1
100 100 2 3 4 539 1
120 120 2 3 4 689 1
33 33 1 1 2 806 2
94 94 2 3 4 578 1
37 37 1 1 1 654 2
141 141 2 3 4 682 1
162 162 2 3 4 551 1
146 146 2 3 4 569 1
126 126 2 3 4 829 1
115 115 2 3 4 782 1
80 80 1 2 3 814 1
163 163 2 3 4 752 1
84 84 1 2 2 783 1
109 109 2 3 4 612 1
5 5 1 1 1 569 2
34 34 1 1 2 951 2
176 176 2 3 4 513 1
88 88 1 2 1 664 1
85 85 1 2 3 618 1
27 27 1 1 3 558 2
46 46 1 2 3 951 1
19 19 1 1 3 596 2
81 81 1 2 1 646 1
53 53 1 2 3 804 1
30 30 1 1 2 1223 2
102 102 2 3 4 652 1
58 58 1 2 1 758 1
13 13 1 1 2 792 2
68 68 1 2 3 966 1
39 39 1 1 1 1052 2
170 170 2 3 4 873 1
90 90 1 2 2 786 1
11 11 1 1 3 608 2
38 38 1 1 2 886 1
142 142 2 3 4 558 1
14 14 1 1 1 711 2
133 133 2 3 4 656 1
17 17 1 1 3 877 1
140 140 2 3 4 1026 1
123 123 2 3 4 584 1
154 154 2 3 4 682 1
127 127 2 3 4 645 1
51 51 1 2 1 885 2
25 25 1 1 3 621 2
82 82 1 2 3 1269 2
52 52 1 2 2 1224 2
167 167 2 3 4 620 1
91 91 2 3 4 803 1
107 107 2 3 4 580 1
138 138 2 3 4 1409 1
151 151 2 3 4 626 1
166 166 2 3 4 912 1
122 122 2 3 4 1199 1
49 49 1 2 2 956 1
8 8 1 1 2 500 2
78 78 1 2 1 698 2
54 54 1 2 2 1003 1
22 22 1 1 1 767 2
44 44 1 1 1 773 2
66 66 1 2 3 804 1
89 89 1 2 2 845 1
32 32 1 1 3 659 2
177 177 2 3 4 559 1
96 96 2 3 4 966 1
56 56 1 2 3 798 1
137 137 2 3 4 705 1
179 179 2 3 4 992 1
55 55 1 2 2 1173 2
136 136 2 3 4 799 1
1 1 1 1 1 634 2
79 79 1 2 3 1500 3
106 106 2 3 4 610 1
48 48 1 2 3 967 1
15 15 1 1 1 1085 2
113 113 2 3 4 916 1
131 131 2 3 4 511 1
168 168 2 3 4 676 1
