116 116 2 3 4 1500 3
94 94 2 3 4 866 2
123 123 2 3 4 886 2
7 7 1 1 1 1334 2
48 48 1 2 3 1069 1
81 81 1 2 1 1093 1
33 33 1 1 2 718 1
171 171 2 3 4 885 2
96 96 2 3 4 991 1
37 37 1 1 1 782 1
93 93 2 3 4 991 2
106 106 2 3 4 829 2
151 151 2 3 4 757 1
140 140 2 3 4 749 2
97 97 2 3 4 756 2
9 9 1 1 3 646 1
176 176 2 3 4 983 1
109 109 2 3 4 662 1
103 103 2 3 4 582 2
122 122 2 3 4 1093 2
107 107 2 3 4 614 2
32 32 1 1 3 910 1
21 21 1 1 1 579 1
125 125 2 3 4 742 2
24 24 1 1 2 662 2
57 57 1 2 1 743 1
42 42 1 1 3 822 2
135 135 2 3 4 909 1
17 17 1 1 3 599 1
65 65 1 2 3 847 1
92 92 2 3 4 806 2
142 142 2 3 4 803 1
112 112 2 3 4 1188 1
59 59 1 2 3 782 1
67 67 1 2 1 789 1
51 51 1 2 1 661 1
169 169 2 3 4 902 1
15 15 1 1 1 831 1
5 5 1 1 1 742 1
138 138 2 3 4 662 2
175 175 2 3 4 678 2
49 49 1 2 2 767 1
14 14 1 1 1 702 1
41 41 1 1 1 822 1
64 64 1 2 1 1301 2
58 58 1 2 1 838 1
155 155 2 3 4 438 1
117 117 2 3 4 783 2
91 91 2 3 4 831 2
3 3 1 1 3 783 1
99 99 2 3 4 686 1
126 126 2 3 4 679 1
46 46 1 2 3 887 1
90 90 1 2 2 806 2
111 111 2 3 4 740 2
170 170 2 3 4 742 2
173 173 2 3 4 727 2
78 78 1 2 1 703 2
8 8 1 1 2 805 2
108 108 2 3 4 391 2
129 129 2 3 4 663 2
113 113 2 3 4 622 2
36 36 1 1 1 824 1
165 165 2 3 4 743 1
98 98 2 3 4 790 1
131 131 2 3 4 1087 1
166 166 2 3 4 1031 1
35 35 1 1 3 1197 1
40 40 1 1 3 923 1
16 16 1 1 3 677 1
68 68 1 2 3 933 1
44 44 1 1 1 1188 1
152 152 2 3 4 638 2
52 52 1 2 2 684 1
104 104 2 3 4 702 2
22 22 1 1 1 803 1
77 77 1 2 1 923 1
80 80 1 2 3 662 1
95 95 2 3 4 782 2
63 63 1 2 2 885 1
55 55 1 2 2 847 1
172 172 2 3 4 780 2
105 105 2 3 4 1319 2
82 82 1 2 3 870 1
25 25 1 1 3 533 1
72 72 1 2 1 742 1
121 121 2 3 4 702 2
158 158 2 3 4 750 2
18 18 1 1 2 678 1
100 100 2 3 4 582 2
143 143 2 3 4 679 2
30 30 1 1 2 965 1
110 110 2 3 4 462 2
168 168 2 3 4 742 1
141 141 2 3 4 1173 2
56 56 1 2 3 1135 1
120 120 2 3 4 902 1
177 177 2 3 4 436 2
10 10 1 1 1 806 1
150 150 2 3 4 598 2
144 144 2 3 4 1398 1
134 134 2 3 4 440 2
115 115 2 3 4 804 2
26 26 1 1 1 797 1
118 118 2 3 4 886 1
61 61 1 2 3 566 1
179 179 2 3 4 638 2
127 127 2 3 4 741 2
74 74 1 2 3 822 1
114 114 2 3 4 699 2
43 43 1 1 3 895 1
23 23 1 1 2 558 1
29 29 1 1 2 638 1
174 174 2 3 4 1071 1
53 53 1 2 3 990 1
128 128 2 3 4 1047 2
84 84 1 2 2 989 1
164 164 2 3 4 685 2
86 86 1 2 1 821 1
88 88 1 2 1 909 1
146 146 2 3 4 1319 1
19 19 1 1 3 638 1
79 79 1 2 3 822 1
54 54 1 2 2 728 1
11 11 1 1 3 910 2
149 149 2 3 4 415 2
34 34 1 1 2 743 1
70 70 1 2 1 678 1
12 12 1 1 2 518 1
102 102 2 3 4 643 2
132 132 2 3 4 903 1
124 124 2 3 4 621 2
136 136 2 3 4 495 2
161 161 2 3 4 606 2
75 75 1 2 2 1173 1
47 47 1 2 2 798 1
154 154 2 3 4 1198 1
69 69 1 2 3 558 1
45 45 1 1 2 1071 1
13 13 1 1 2 1172 1
119 119 2 3 4 596 2
130 130 2 3 4 1093 1
83 83 1 2 2 414 1
85 85 1 2 3 599 1
162 162 2 3 4 598 2
2 2 1 1 2 1316 2
31 31 1 1 3 623 1
137 137 2 3 4 782 2
147 147 2 3 4 621 2
4 4 1 1 1 1150 1
157 157 2 3 4 478 2
71 71 1 2 1 1054 2
6 6 1 1 2 375 1
148 148 2 3 4 438 2
50 50 1 2 2 928 2
76 76 1 2 1 452 1
163 163 2 3 4 990 2
180 180 2 3 4 726 2
60 60 1 2 2 716 1
66 66 1 2 3 1213 1
145 145 2 3 4 910 2
159 159 2 3 4 1068 2
160 160 2 3 4 1068 2
28 28 1 1 2 414 1
156 156 2 3 4 463 2
20 20 1 1 3 742 1
153 153 2 3 4 455 2
89 89 1 2 2 398 2
139 139 2 3 4 270 2
87 87 1 2 2 332 1
73 73 1 2 1 662 1
167 167 2 3 4 597 2
133 133 2 3 4 558 2
38 38 1 1 2 558 1
62 62 1 2 2 480 1
27 27 1 1 3 454 1
178 178 2 3 4 438 2
39 39 1 1 1 582 1
101 101 2 3 4 534 2
1 1 1 1 1 478 1
