2 2 1 1 2 963 1
50 50 1 2 2 701 1
58 58 1 2 1 855 1
59 59 1 2 3 733 1
36 36 1 1 1 775 1
24 24 1 1 2 775 2
167 167 2 3 4 711 1
150 150 2 3 4 735 2
82 82 1 2 3 973 1
134 134 2 3 4 814 1
21 21 1 1 1 751 2
47 47 1 2 2 671 1
84 84 1 2 2 710 1
41 41 1 1 1 711 2
124 124 2 3 4 790 1
96 96 2 3 4 815 1
122 122 2 3 4 852 1
54 54 1 2 2 950 2
31 31 1 1 3 846 2
78 78 1 2 1 719 2
164 164 2 3 4 920 1
26 26 1 1 1 854 1
180 180 2 3 4 957 1
75 75 1 2 2 704 1
5 5 1 1 1 782 2
146 146 2 3 4 797 1
156 156 2 3 4 741 1
49 49 1 2 2 598 1
115 115 2 3 4 919 1
102 102 2 3 4 661 1
6 6 1 1 2 632 2
53 53 1 2 3 639 2
14 14 1 1 1 1082 1
90 90 1 2 2 636 1
108 108 2 3 4 718 1
105 105 2 3 4 903 1
127 127 2 3 4 719 1
27 27 1 1 3 768 2
123 123 2 3 4 709 2
112 112 2 3 4 647 1
173 173 2 3 4 766 1
157 157 2 3 4 1049 1
125 125 2 3 4 669 1
43 43 1 1 3 622 2
101 101 2 3 4 854 1
68 68 1 2 3 622 1
42 42 1 1 3 726 2
170 170 2 3 4 927 1
100 100 2 3 4 671 1
28 28 1 1 2 895 2
154 154 2 3 4 870 1
63 63 1 2 2 799 1
64 64 1 2 1 711 2
13 13 1 1 2 895 2
3 3 1 1 3 558 2
16 16 1 1 3 967 1
10 10 1 1 1 823 2
85 85 1 2 3 855 1
169 169 2 3 4 1005 1
141 141 2 3 4 767 1
158 158 2 3 4 1100 1
107 107 2 3 4 819 1
30 30 1 1 2 519 2
93 93 2 3 4 735 2
119 119 2 3 4 623 1
120 120 2 3 4 585 1
172 172 2 3 4 781 1
60 60 1 2 2 695 1
133 133 2 3 4 919 1
67 67 1 2 1 744 1
161 161 2 3 4 791 1
77 77 1 2 1 735 1
65 65 1 2 3 824 1
166 166 2 3 4 968 1
126 126 2 3 4 708 1
174 174 2 3 4 760 1
139 139 2 3 4 630 1
138 138 2 3 4 782 2
81 81 1 2 1 896 1
39 39 1 1 1 1286 1
70 70 1 2 1 735 1
106 106 2 3 4 752 1
72 72 1 2 1 694 1
20 20 1 1 3 757 1
145 145 2 3 4 722 1
48 48 1 2 3 669 1
79 79 1 2 3 966 2
135 135 2 3 4 744 1
8 8 1 1 2 749 1
171 171 2 3 4 720 1
87 87 1 2 2 686 2
144 144 2 3 4 615 1
73 73 1 2 1 638 1
83 83 1 2 2 719 2
104 104 2 3 4 728 1
25 25 1 1 3 942 2
88 88 1 2 1 646 1
143 143 2 3 4 640 1
155 155 2 3 4 664 1
177 177 2 3 4 687 1
86 86 1 2 1 655 1
99 99 2 3 4 565 1
44 44 1 1 1 568 2
11 11 1 1 3 911 2
1 1 1 1 1 718 2
38 38 1 1 2 1087 2
137 137 2 3 4 984 1
22 22 1 1 1 740 1
142 142 2 3 4 870 1
168 168 2 3 4 1038 1
111 111 2 3 4 1063 1
9 9 1 1 3 1087 2
51 51 1 2 1 1031 2
55 55 1 2 2 682 1
162 162 2 3 4 1077 1
117 117 2 3 4 1005 1
128 128 2 3 4 784 1
176 176 2 3 4 878 1
34 34 1 1 2 854 2
56 56 1 2 3 959 1
89 89 1 2 2 929 2
175 175 2 3 4 1245 1
29 29 1 1 2 927 2
163 163 2 3 4 918 1
160 160 2 3 4 910 1
110 110 2 3 4 1014 1
136 136 2 3 4 1046 1
35 35 1 1 3 1056 2
159 159 2 3 4 796 1
149 149 2 3 4 927 1
71 71 1 2 1 662 1
76 76 1 2 1 791 1
147 147 2 3 4 654 1
32 32 1 1 3 863 2
179 179 2 3 4 871 1
17 17 1 1 3 1008 2
113 113 2 3 4 756 1
109 109 2 3 4 1038 1
121 121 2 3 4 760 1
7 7 1 1 1 782 2
165 165 2 3 4 1054 1
97 97 2 3 4 808 1
33 33 1 1 2 863 2
103 103 2 3 4 785 1
66 66 1 2 3 925 2
52 52 1 2 2 807 2
12 12 1 1 2 862 2
45 45 1 1 2 735 2
74 74 1 2 3 766 2
178 178 2 3 4 869 1
116 116 2 3 4 1030 1
69 69 1 2 3 607 1
61 61 1 2 3 693 2
91 91 2 3 4 798 1
132 132 2 3 4 846 1
148 148 2 3 4 775 1
80 80 1 2 3 887 2
62 62 1 2 2 749 2
95 95 2 3 4 744 1
23 23 1 1 2 666 2
57 57 1 2 1 773 1
151 151 2 3 4 743 1
94 94 2 3 4 735 1
46 46 1 2 3 998 1
18 18 1 1 2 848 1
40 40 1 1 3 622 2
114 114 2 3 4 671 1
118 118 2 3 4 759 1
4 4 1 1 1 719 2
130 130 2 3 4 629 1
140 140 2 3 4 733 1
152 152 2 3 4 759 1
129 129 2 3 4 646 1
19 19 1 1 3 646 2
131 131 2 3 4 606 1
153 153 2 3 4 733 1
37 37 1 1 1 569 2
15 15 1 1 1 709 2
92 92 2 3 4 581 1
98 98 2 3 4 678 1
