10 10 1 1 1 611 1
142 142 2 3 4 276 1
89 89 1 2 2 518 2
78 78 1 2 1 83 2
153 153 2 3 4 2 1
21 21 1 1 1 120 2
26 26 1 1 1 5 2
53 53 1 2 3 79 2
8 8 1 1 2 181 2
29 29 1 1 2 417 2
103 103 2 3 4 268 1
101 101 2 3 4 316 2
73 73 1 2 1 25 2
76 76 1 2 1 324 1
117 117 2 3 4 39 2
75 75 1 2 2 8 1
62 62 1 2 2 444 2
52 52 1 2 2 537 2
134 134 2 3 4 434 1
116 116 2 3 4 38 1
148 148 2 3 4 773 1
1 1 1 1 1 291 1
5 5 1 1 1 177 1
152 152 2 3 4 316 1
141 141 2 3 4 293 1
69 69 1 2 3 99 1
168 168 2 3 4 10 2
40 40 1 1 3 415 1
144 144 2 3 4 371 1
97 97 2 3 4 650 2
71 71 1 2 1 220 2
46 46 1 2 3 364 1
119 119 2 3 4 267 2
56 56 1 2 3 7 1
36 36 1 1 1 360 2
131 131 2 3 4 275 1
110 110 2 3 4 166 2
118 118 2 3 4 51 1
42 42 1 1 3 23 1
92 92 2 3 4 295 1
2 2 1 1 2 3 1
132 132 2 3 4 328 1
61 61 1 2 3 476 2
96 96 2 3 4 5 1
177 177 2 3 4 3 2
65 65 1 2 3 475 2
22 22 1 1 1 157 1
178 178 2 3 4 27 2
99 99 2 3 4 19 1
109 109 2 3 4 27 2
106 106 2 3 4 453 1
133 133 2 3 4 47 1
146 146 2 3 4 103 1
38 38 1 1 2 240 2
105 105 2 3 4 190 1
6 6 1 1 2 253 2
50 50 1 2 2 292 1
123 123 2 3 4 124 1
173 173 2 3 4 263 1
4 4 1 1 1 228 2
25 25 1 1 3 164 2
47 47 1 2 2 133 2
175 175 2 3 4 44 1
179 179 2 3 4 107 1
82 82 1 2 3 161 2
147 147 2 3 4 184 1
43 43 1 1 3 257 1
167 167 2 3 4 187 1
23 23 1 1 2 120 2
49 49 1 2 2 74 2
150 150 2 3 4 138 1
31 31 1 1 3 133 2
13 13 1 1 2 40 2
24 24 1 1 2 93 2
93 93 2 3 4 23 1
157 157 2 3 4 121 1
30 30 1 1 2 80 2
90 90 1 2 2 284 2
72 72 1 2 1 67 2
125 125 2 3 4 377 1
161 161 2 3 4 248 1
3 3 1 1 3 91 2
107 107 2 3 4 159 1
165 165 2 3 4 119 1
159 159 2 3 4 119 1
111 111 2 3 4 141 1
115 115 2 3 4 85 1
172 172 2 3 4 141 1
156 156 2 3 4 241 1
14 14 1 1 1 90 2
58 58 1 2 1 111 2
121 121 2 3 4 136 2
88 88 1 2 1 108 2
20 20 1 1 3 153 2
54 54 1 2 2 159 2
80 80 1 2 3 75 2
55 55 1 2 2 165 2
11 11 1 1 3 16 1
104 104 2 3 4 71 1
15 15 1 1 1 41 2
145 145 2 3 4 57 1
114 114 2 3 4 187 1
12 12 1 1 2 98 2
171 171 2 3 4 95 1
44 44 1 1 1 83 2
59 59 1 2 3 49 2
137 137 2 3 4 100 2
39 39 1 1 1 173 2
149 149 2 3 4 89 1
45 45 1 1 2 180 2
48 48 1 2 3 37 1
128 128 2 3 4 151 1
174 174 2 3 4 122 1
83 83 1 2 2 138 1
143 143 2 3 4 96 1
164 164 2 3 4 67 1
32 32 1 1 3 147 2
154 154 2 3 4 188 1
139 139 2 3 4 96 1
60 60 1 2 2 152 1
86 86 1 2 1 68 2
70 70 1 2 1 80 2
170 170 2 3 4 136 2
126 126 2 3 4 137 1
136 136 2 3 4 128 2
162 162 2 3 4 118 1
124 124 2 3 4 235 1
113 113 2 3 4 117 1
18 18 1 1 2 202 2
63 63 1 2 2 174 2
9 9 1 1 3 249 2
127 127 2 3 4 196 2
95 95 2 3 4 215 1
158 158 2 3 4 479 1
51 51 1 2 1 563 2
85 85 1 2 3 230 2
74 74 1 2 3 319 1
84 84 1 2 2 153 1
151 151 2 3 4 11 2
7 7 1 1 1 528 2
79 79 1 2 3 380 2
108 108 2 3 4 114 1
34 34 1 1 2 94 2
41 41 1 1 1 62 2
19 19 1 1 3 69 2
129 129 2 3 4 5 1
166 166 2 3 4 524 2
122 122 2 3 4 208 2
176 176 2 3 4 203 2
17 17 1 1 3 155 1
67 67 1 2 1 5 1
57 57 1 2 1 1070 1
130 130 2 3 4 185 2
16 16 1 1 3 25 2
100 100 2 3 4 1108 1
102 102 2 3 4 37 1
120 120 2 3 4 61 1
35 35 1 1 3 3 1
135 135 2 3 4 6 1
180 180 2 3 4 360 1
140 140 2 3 4 276 2
68 68 1 2 3 513 1
28 28 1 1 2 1500 3
138 138 2 3 4 510 1
33 33 1 1 2 164 2
91 91 2 3 4 567 1
66 66 1 2 3 153 2
81 81 1 2 1 1500 3
155 155 2 3 4 589 1
64 64 1 2 1 294 2
27 27 1 1 3 4 1
87 87 1 2 2 118 2
169 169 2 3 4 445 2
37 37 1 1 1 187 2
163 163 2 3 4 92 2
94 94 2 3 4 106 1
112 112 2 3 4 178 1
160 160 2 3 4 84 1
98 98 2 3 4 17 2
77 77 1 2 1 273 1
