24 24 1 1 2 1500 3
28 28 1 1 2 1500 3
128 128 2 3 4 1500 3
19 19 1 1 3 431 1
151 151 2 3 4 1500 3
59 59 1 2 3 701 1
73 73 1 2 1 416 1
79 79 1 2 3 507 1
57 57 1 2 1 508 1
9 9 1 1 3 1500 3
101 101 2 3 4 1500 3
75 75 1 2 2 1500 3
117 117 2 3 4 1500 3
143 143 2 3 4 1500 3
124 124 2 3 4 1318 2
44 44 1 1 1 1500 3
153 153 2 3 4 1500 3
33 33 1 1 2 1500 3
78 78 1 2 1 653 1
171 171 2 3 4 1500 3
122 122 2 3 4 1500 3
14 14 1 1 1 675 1
29 29 1 1 2 668 1
147 147 2 3 4 578 2
12 12 1 1 2 1500 3
145 145 2 3 4 1500 3
142 142 2 3 4 335 2
15 15 1 1 1 360 1
50 50 1 2 2 1500 3
174 174 2 3 4 1500 3
3 3 1 1 3 1500 3
74 74 1 2 3 1500 3
39 39 1 1 1 1500 3
36 36 1 1 1 496 1
158 158 2 3 4 488 2
83 83 1 2 2 618 1
102 102 2 3 4 1500 3
107 107 2 3 4 1500 3
21 21 1 1 1 765 1
1 1 1 1 1 801 1
6 6 1 1 2 1500 3
38 38 1 1 2 1500 3
30 30 1 1 2 1500 3
16 16 1 1 3 1500 3
97 97 2 3 4 1500 3
179 179 2 3 4 1500 3
43 43 1 1 3 587 1
172 172 2 3 4 1500 3
119 119 2 3 4 1500 3
62 62 1 2 2 1500 3
109 109 2 3 4 550 2
56 56 1 2 3 367 1
88 88 1 2 1 597 1
136 136 2 3 4 541 2
165 165 2 3 4 346 2
46 46 1 2 3 315 1
96 96 2 3 4 284 2
168 168 2 3 4 308 2
94 94 2 3 4 318 2
144 144 2 3 4 308 2
164 164 2 3 4 278 2
155 155 2 3 4 1500 3
48 48 1 2 3 1069 1
85 85 1 2 3 1500 3
139 139 2 3 4 1500 3
51 51 1 2 1 1500 3
180 180 2 3 4 1500 3
27 27 1 1 3 881 1
5 5 1 1 1 319 1
25 25 1 1 3 480 1
149 149 2 3 4 1500 3
127 127 2 3 4 964 2
105 105 2 3 4 1500 3
178 178 2 3 4 1500 3
177 177 2 3 4 1500 3
53 53 1 2 3 845 1
80 80 1 2 3 1500 3
146 146 2 3 4 765 2
92 92 2 3 4 563 2
68 68 1 2 3 383 1
162 162 2 3 4 374 2
159 159 2 3 4 1500 3
156 156 2 3 4 908 2
41 41 1 1 1 702 1
77 77 1 2 1 488 1
45 45 1 1 2 1500 3
31 31 1 1 3 1500 3
121 121 2 3 4 764 2
150 150 2 3 4 803 2
134 134 2 3 4 501 2
10 10 1 1 1 577 1
63 63 1 2 2 397 1
138 138 2 3 4 396 2
104 104 2 3 4 636 2
55 55 1 2 2 1500 3
2 2 1 1 2 1500 3
49 49 1 2 2 741 1
13 13 1 1 2 511 1
148 148 2 3 4 1500 3
114 114 2 3 4 1500 3
18 18 1 1 2 1500 3
65 65 1 2 3 1500 3
161 161 2 3 4 722 2
110 110 2 3 4 1500 3
66 66 1 2 3 405 1
173 173 2 3 4 1500 3
47 47 1 2 2 1500 3
76 76 1 2 1 1500 3
23 23 1 1 2 1500 3
89 89 1 2 2 607 1
7 7 1 1 1 421 1
86 86 1 2 1 1500 3
22 22 1 1 1 1500 3
130 130 2 3 4 1500 3
137 137 2 3 4 1500 3
129 129 2 3 4 1500 3
11 11 1 1 3 1500 3
140 140 2 3 4 1500 3
99 99 2 3 4 133 2
170 170 2 3 4 298 2
132 132 2 3 4 312 2
169 169 2 3 4 150 2
69 69 1 2 3 281 1
98 98 2 3 4 1500 3
71 71 1 2 1 448 1
160 160 2 3 4 42 2
52 52 1 2 2 289 1
34 34 1 1 2 1500 3
35 35 1 1 3 1500 3
152 152 2 3 4 1500 3
116 116 2 3 4 1500 3
61 61 1 2 3 1500 3
58 58 1 2 1 838 1
166 166 2 3 4 1500 3
54 54 1 2 2 1500 3
131 131 2 3 4 540 2
103 103 2 3 4 1500 3
26 26 1 1 1 836 1
32 32 1 1 3 1500 3
113 113 2 3 4 936 2
64 64 1 2 1 1500 3
84 84 1 2 2 1500 3
133 133 2 3 4 692 2
4 4 1 1 1 795 1
112 112 2 3 4 565 2
8 8 1 1 2 352 1
90 90 1 2 2 342 1
81 81 1 2 1 345 1
118 118 2 3 4 328 2
93 93 2 3 4 341 2
115 115 2 3 4 439 2
123 123 2 3 4 581 2
72 72 1 2 1 1500 3
111 111 2 3 4 1500 3
157 157 2 3 4 1500 3
91 91 2 3 4 1500 3
95 95 2 3 4 750 2
106 106 2 3 4 1500 3
87 87 1 2 2 1500 3
17 17 1 1 3 1500 3
176 176 2 3 4 1500 3
60 60 1 2 2 1500 3
82 82 1 2 3 1500 3
70 70 1 2 1 1500 3
100 100 2 3 4 1500 3
37 37 1 1 1 1500 3
163 163 2 3 4 1056 2
125 125 2 3 4 511 2
40 40 1 1 3 504 1
154 154 2 3 4 662 2
141 141 2 3 4 337 2
20 20 1 1 3 697 1
120 120 2 3 4 668 2
167 167 2 3 4 715 2
67 67 1 2 1 568 1
42 42 1 1 3 707 1
135 135 2 3 4 673 2
108 108 2 3 4 633 2
126 126 2 3 4 1500 3
175 175 2 3 4 800 2
