63 63 1 2 2 1500 3
30 30 1 1 2 1500 3
139 139 2 3 4 1421 2
49 49 1 2 2 1500 3
156 156 2 3 4 1500 3
115 115 2 3 4 1500 3
171 171 2 3 4 1500 3
97 97 2 3 4 1500 3
31 31 1 1 3 1500 3
133 133 2 3 4 1500 3
54 54 1 2 2 1500 3
101 101 2 3 4 1500 3
109 109 2 3 4 1500 3
168 168 2 3 4 320 2
154 154 2 3 4 1500 3
119 119 2 3 4 1500 3
12 12 1 1 2 1122 1
25 25 1 1 3 612 1
160 160 2 3 4 485 2
110 110 2 3 4 1500 3
89 89 1 2 2 900 1
21 21 1 1 1 1500 3
141 141 2 3 4 1500 3
95 95 2 3 4 1500 3
38 38 1 1 2 1500 3
66 66 1 2 3 442 1
52 52 1 2 2 1076 2
103 103 2 3 4 1500 3
172 172 2 3 4 904 2
9 9 1 1 3 533 1
152 152 2 3 4 828 1
72 72 1 2 1 717 2
137 137 2 3 4 640 2
114 114 2 3 4 498 2
113 113 2 3 4 1500 3
100 100 2 3 4 1500 3
45 45 1 1 2 1500 3
83 83 1 2 2 1500 3
67 67 1 2 1 1500 3
127 127 2 3 4 1500 3
150 150 2 3 4 1275 1
132 132 2 3 4 746 1
86 86 1 2 1 1500 3
126 126 2 3 4 1500 3
108 108 2 3 4 1500 3
105 105 2 3 4 1500 3
56 56 1 2 3 1490 2
96 96 2 3 4 879 1
151 151 2 3 4 605 2
74 74 1 2 3 549 1
40 40 1 1 3 730 2
106 106 2 3 4 965 2
157 157 2 3 4 742 2
29 29 1 1 2 670 1
93 93 2 3 4 637 1
79 79 1 2 3 941 2
91 91 2 3 4 747 2
148 148 2 3 4 770 1
23 23 1 1 2 516 2
143 143 2 3 4 1500 3
104 104 2 3 4 1500 3
136 136 2 3 4 1500 3
51 51 1 2 1 960 1
57 57 1 2 1 1001 1
174 174 2 3 4 554 1
55 55 1 2 2 516 2
2 2 1 1 2 828 2
144 144 2 3 4 1500 3
163 163 2 3 4 1500 3
153 153 2 3 4 1500 3
165 165 2 3 4 1500 3
112 112 2 3 4 1500 3
123 123 2 3 4 1500 3
76 76 1 2 1 1500 3
20 20 1 1 3 698 2
10 10 1 1 1 628 1
78 78 1 2 1 598 2
80 80 1 2 3 477 2
166 166 2 3 4 502 1
50 50 1 2 2 743 2
39 39 1 1 1 637 1
28 28 1 1 2 436 2
121 121 2 3 4 591 2
145 145 2 3 4 413 2
159 159 2 3 4 638 2
128 128 2 3 4 507 2
53 53 1 2 3 796 1
130 130 2 3 4 557 2
120 120 2 3 4 470 2
75 75 1 2 2 364 1
147 147 2 3 4 357 1
43 43 1 1 3 278 1
98 98 2 3 4 380 2
134 134 2 3 4 549 2
131 131 2 3 4 1500 3
71 71 1 2 1 1500 3
155 155 2 3 4 1500 3
158 158 2 3 4 1500 3
142 142 2 3 4 1329 2
85 85 1 2 3 253 1
77 77 1 2 1 373 2
94 94 2 3 4 369 2
27 27 1 1 3 436 1
42 42 1 1 3 359 1
64 64 1 2 1 310 1
135 135 2 3 4 349 2
124 124 2 3 4 453 1
13 13 1 1 2 564 1
82 82 1 2 3 638 1
161 161 2 3 4 421 2
35 35 1 1 3 1500 3
5 5 1 1 1 1500 3
176 176 2 3 4 1500 3
90 90 1 2 2 1500 3
47 47 1 2 2 1500 3
34 34 1 1 2 1500 3
61 61 1 2 3 1404 1
167 167 2 3 4 1053 2
6 6 1 1 2 138 1
140 140 2 3 4 702 1
65 65 1 2 3 653 2
58 58 1 2 1 1355 2
14 14 1 1 1 477 1
15 15 1 1 1 446 2
22 22 1 1 1 663 1
36 36 1 1 1 707 2
87 87 1 2 2 710 1
111 111 2 3 4 1092 1
162 162 2 3 4 1245 1
19 19 1 1 3 925 1
7 7 1 1 1 589 1
92 92 2 3 4 1500 3
62 62 1 2 2 859 1
17 17 1 1 3 795 1
84 84 1 2 2 399 1
177 177 2 3 4 629 2
69 69 1 2 3 660 1
88 88 1 2 1 1500 3
37 37 1 1 1 1500 3
146 146 2 3 4 1500 3
116 116 2 3 4 1500 3
60 60 1 2 2 1500 3
33 33 1 1 2 1500 3
149 149 2 3 4 1500 3
32 32 1 1 3 1500 3
18 18 1 1 2 1500 3
44 44 1 1 1 1500 3
24 24 1 1 2 1500 3
68 68 1 2 3 1500 3
170 170 2 3 4 1500 3
1 1 1 1 1 1500 3
70 70 1 2 1 1500 3
4 4 1 1 1 1500 3
46 46 1 2 3 1500 3
26 26 1 1 1 1500 3
16 16 1 1 3 1500 3
180 180 2 3 4 1500 3
138 138 2 3 4 1500 3
175 175 2 3 4 1500 3
59 59 1 2 3 1500 3
169 169 2 3 4 1500 3
81 81 1 2 1 358 2
3 3 1 1 3 532 2
125 125 2 3 4 411 1
107 107 2 3 4 245 2
178 178 2 3 4 269 1
99 99 2 3 4 764 2
122 122 2 3 4 604 2
102 102 2 3 4 590 2
73 73 1 2 1 469 1
164 164 2 3 4 222 1
173 173 2 3 4 213 1
179 179 2 3 4 390 1
129 129 2 3 4 333 1
48 48 1 2 3 84 1
118 118 2 3 4 125 2
11 11 1 1 3 452 2
41 41 1 1 1 739 2
117 117 2 3 4 597 2
8 8 1 1 2 542 1
